AA-MM-JJ/hh:mm:ss; sst_fr_1 ; sst_fr_2 ; sst_fr_3 ; sst_fr_4 ; sst_fr_5 ; sst_fr_6 ; sst_fr_7 ; sst_fr_8 ; 
17-04-01/23:00:00; 000009770; 000016816; 000029513; 000028165; 000041088; 000018437; 000014793; 000015069; 
17-04-02/23:00:00; 000009770; 000016816; 000029514; 000028165; 000041089; 000018437; 000014793; 000015070; 
17-04-03/23:00:00; 000009773; 000016819; 000029516; 000028171; 000041093; 000018441; 000014797; 000015072; 
17-04-04/23:00:00; 000009775; 000016822; 000029518; 000028177; 000041097; 000018445; 000014800; 000015075; 
17-04-05/23:00:00; 000009778; 000016824; 000029521; 000028185; 000041100; 000018449; 000014804; 000015077; 
17-04-06/23:00:00; 000009781; 000016827; 000029524; 000028192; 000041104; 000018453; 000014806; 000015080; 
17-04-07/23:00:00; 000009783; 000016831; 000029527; 000028197; 000041107; 000018456; 000014809; 000015082; 
17-04-08/23:00:00; 000009784; 000016831; 000029527; 000028198; 000041109; 000018456; 000014809; 000015083; 
17-04-09/23:00:00; 000009784; 000016832; 000029528; 000028199; 000041111; 000018457; 000014810; 000015083; 
17-04-10/23:00:00; 000009786; 000016835; 000029531; 000028205; 000041114; 000018461; 000014813; 000015086; 
17-04-11/23:00:00; 000009789; 000016838; 000029534; 000028211; 000041118; 000018464; 000014816; 000015089; 
17-04-12/23:00:00; 000009792; 000016841; 000029537; 000028217; 000041121; 000018467; 000014819; 000015091; 
17-04-13/23:00:00; 000009794; 000016843; 000029539; 000028223; 000041125; 000018471; 000014821; 000015094; 
17-04-14/23:00:00; 000009796; 000016846; 000029542; 000028229; 000041129; 000018475; 000014824; 000015097; 
17-04-15/23:00:00; 000009797; 000016847; 000029543; 000028230; 000041131; 000018476; 000014825; 000015097; 
17-04-16/23:00:00; 000009797; 000016847; 000029543; 000028230; 000041133; 000018476; 000014825; 000015097; 
17-04-17/23:00:00; 000009798; 000016847; 000029544; 000028230; 000041134; 000018477; 000014825; 000015097; 
17-04-18/23:00:00; 000009800; 000016849; 000029546; 000028234; 000041137; 000018479; 000014827; 000015099; 
17-04-19/23:00:00; 000009802; 000016851; 000029548; 000028240; 000041140; 000018482; 000014829; 000015101; 
17-04-20/23:00:00; 000009804; 000016853; 000029550; 000028245; 000041144; 000018486; 000014831; 000015104; 
17-04-21/23:00:01; 000009806; 000016856; 000029553; 000028250; 000041147; 000018488; 000014833; 000015107; 
17-04-22/23:00:00; 000009806; 000016856; 000029553; 000028250; 000041149; 000018488; 000014833; 000015107; 
17-04-23/23:00:00; 000009806; 000016856; 000029553; 000028251; 000041150; 000018489; 000014833; 000015107; 
17-04-24/23:00:00; 000009808; 000016858; 000029555; 000028255; 000041153; 000018490; 000014835; 000015109; 
17-04-25/23:00:00; 000009809; 000016860; 000029557; 000028260; 000041156; 000018492; 000014836; 000015111; 
17-04-26/23:00:00; 000009811; 000016861; 000029560; 000028265; 000041159; 000018493; 000014838; 000015113; 
17-04-27/23:00:00; 000009813; 000016863; 000029562; 000028270; 000041163; 000018495; 000014839; 000015116; 
17-04-28/23:00:00; 000009814; 000016865; 000029565; 000028274; 000041166; 000018497; 000014841; 000015118; 
17-04-29/23:00:00; 000009814; 000016865; 000029565; 000028275; 000041168; 000018498; 000014841; 000015118; 
17-04-30/23:00:00; 000009814; 000016865; 000029565; 000028275; 000041169; 000018498; 000014841; 000015118; 
17-05-01/23:00:00; 000009814; 000016865; 000029566; 000028275; 000041171; 000018498; 000014841; 000015118; 
17-05-02/23:00:00; 000009816; 000016866; 000029567; 000028278; 000041173; 000018500; 000014842; 000015120; 
17-05-03/23:00:00; 000009817; 000016867; 000029570; 000028283; 000041176; 000018502; 000014843; 000015121; 
17-05-04/23:00:00; 000009818; 000016869; 000029572; 000028287; 000041179; 000018504; 000014843; 000015123; 
17-05-16/23:00:00; 000009820; 000016871; 000029574; 000028290; 000041182; 000018506; 000014847; 000015126; 
17-05-17/23:00:00; 000009823; 000016875; 000029577; 000028296; 000041188; 000018509; 000014852; 000015130; 
17-05-18/23:00:00; 000009825; 000016878; 000029580; 000028301; 000041193; 000018512; 000014857; 000015133; 
17-05-19/23:00:00; 000009828; 000016881; 000029583; 000028306; 000041197; 000018515; 000014861; 000015136; 
17-05-20/23:00:00; 000009828; 000016881; 000029584; 000028307; 000041200; 000018515; 000014861; 000015137; 
17-05-21/23:00:00; 000009828; 000016882; 000029584; 000028307; 000041202; 000018516; 000014862; 000015137; 
17-05-22/23:00:00; 000009831; 000016886; 000029588; 000028313; 000041207; 000018519; 000014867; 000015141; 
17-05-23/23:00:00; 000009834; 000016891; 000029591; 000028319; 000041213; 000018522; 000014872; 000015146; 
17-05-24/23:00:00; 000009837; 000016895; 000029595; 000028326; 000041219; 000018526; 000014878; 000015150; 
17-05-25/23:00:00; 000009837; 000016896; 000029595; 000028326; 000041221; 000018526; 000014878; 000015151; 
17-05-26/23:00:00; 000009837; 000016896; 000029596; 000028327; 000041223; 000018527; 000014879; 000015152; 
17-05-27/23:00:00; 000009837; 000016897; 000029596; 000028327; 000041226; 000018527; 000014880; 000015153; 
17-05-28/23:00:00; 000009838; 000016898; 000029597; 000028328; 000041228; 000018527; 000014881; 000015154; 
17-05-29/23:00:00; 000009843; 000016907; 000029603; 000028338; 000041239; 000018533; 000014882; 000015161; 
17-05-30/23:00:00; 000009847; 000016912; 000029607; 000028346; 000041247; 000018539; 000014886; 000015166; 
17-05-31/23:00:00; 000009851; 000016918; 000029612; 000028353; 000041254; 000018545; 000014896; 000015171; 
17-06-01/23:00:00; 000009855; 000016925; 000029616; 000028361; 000041262; 000018552; 000014905; 000015177; 
17-06-02/23:00:01; 000009859; 000016931; 000029621; 000028370; 000041271; 000018559; 000014913; 000015183; 
17-06-03/23:00:00; 000009859; 000016932; 000029621; 000028371; 000041273; 000018560; 000014914; 000015183; 
17-06-04/23:00:00; 000009859; 000016934; 000029622; 000028372; 000041275; 000018561; 000014915; 000015184; 
17-06-05/23:00:00; 000009859; 000016935; 000029623; 000028373; 000041277; 000018562; 000014916; 000015185; 
17-06-06/23:00:00; 000009862; 000016938; 000029626; 000028377; 000041282; 000018566; 000014920; 000015187; 
17-06-07/23:00:00; 000009864; 000016940; 000029629; 000028382; 000041287; 000018570; 000014924; 000015189; 
17-06-08/23:00:00; 000009867; 000016944; 000029633; 000028387; 000041292; 000018575; 000014929; 000015193; 
17-06-09/23:00:00; 000009870; 000016948; 000029636; 000028392; 000041297; 000018580; 000014935; 000015196; 
17-06-10/23:00:00; 000009870; 000016950; 000029637; 000028394; 000041300; 000018581; 000014936; 000015197; 
17-06-11/23:00:00; 000009870; 000016952; 000029638; 000028395; 000041302; 000018582; 000014938; 000015198; 
17-06-12/23:00:00; 000009874; 000016957; 000029642; 000028402; 000041309; 000018588; 000014945; 000015202; 
17-06-13/23:00:00; 000009877; 000016962; 000029646; 000028409; 000041316; 000018594; 000014952; 000015206; 
17-06-14/23:00:00; 000009881; 000016968; 000029650; 000028416; 000041323; 000018600; 000014959; 000015211; 
17-06-15/23:00:00; 000009885; 000016975; 000029655; 000028424; 000041332; 000018607; 000014967; 000015217; 
17-06-16/23:00:00; 000009888; 000016981; 000029660; 000028430; 000041338; 000018613; 000014974; 000015222; 
17-06-17/23:00:00; 000009888; 000016983; 000029660; 000028432; 000041341; 000018614; 000014975; 000015222; 
17-06-18/23:00:00; 000009888; 000016985; 000029661; 000028433; 000041343; 000018615; 000014977; 000015223; 
17-06-19/23:00:00; 000009893; 000016993; 000029667; 000028443; 000041353; 000018623; 000014988; 000015230; 
17-06-20/23:00:00; 000009898; 000017002; 000029672; 000028453; 000041363; 000018630; 000014999; 000015237; 
17-06-21/23:00:00; 000009903; 000017011; 000029679; 000028463; 000041373; 000018638; 000015010; 000015245; 
17-06-22/23:00:00; 000009909; 000017021; 000029686; 000028475; 000041383; 000018646; 000015022; 000015252; 
17-06-23/23:00:00; 000009914; 000017029; 000029693; 000028486; 000041393; 000018655; 000015031; 000015259; 
17-06-24/23:00:00; 000009914; 000017031; 000029693; 000028487; 000041396; 000018656; 000015031; 000015260; 
17-06-25/23:00:00; 000009914; 000017032; 000029694; 000028487; 000041399; 000018657; 000015032; 000015261; 
17-06-26/23:00:00; 000009919; 000017040; 000029701; 000028497; 000041409; 000018665; 000015042; 000015267; 
17-06-27/23:00:00; 000009924; 000017048; 000029707; 000028507; 000041420; 000018673; 000015051; 000015274; 
17-06-28/23:00:00; 000009928; 000017054; 000029713; 000028515; 000041429; 000018680; 000015063; 000015279; 
17-06-29/23:00:00; 000009931; 000017058; 000029718; 000028522; 000041438; 000018686; 000015070; 000015283; 
17-06-30/23:00:00; 000009934; 000017062; 000029722; 000028528; 000041445; 000018691; 000015076; 000015286; 
17-07-01/23:00:00; 000009934; 000017062; 000029722; 000028529; 000041448; 000018692; 000015076; 000015286; 
17-07-02/23:00:00; 000009934; 000017062; 000029723; 000028529; 000041450; 000018693; 000015076; 000015286; 
17-07-03/23:00:00; 000009936; 000017066; 000029727; 000028535; 000041457; 000018698; 000015082; 000015290; 
17-07-04/23:00:00; 000009940; 000017071; 000029731; 000028542; 000041464; 000018704; 000015088; 000015295; 
17-07-05/23:00:00; 000009944; 000017078; 000029737; 000028551; 000041474; 000018711; 000015097; 000015301; 
17-07-06/23:00:00; 000009948; 000017085; 000029742; 000028560; 000041483; 000018718; 000015106; 000015307; 
17-07-07/23:00:00; 000009952; 000017093; 000029748; 000028570; 000041493; 000018726; 000015116; 000015314; 
17-07-08/23:00:00; 000009952; 000017093; 000029749; 000028571; 000041496; 000018727; 000015117; 000015314; 
17-07-09/23:00:01; 000009952; 000017093; 000029749; 000028571; 000041499; 000018728; 000015118; 000015314; 
17-07-10/23:00:00; 000009957; 000017100; 000029755; 000028581; 000041510; 000018735; 000015127; 000015320; 
17-07-11/23:00:00; 000009960; 000017105; 000029760; 000028588; 000041518; 000018742; 000015134; 000015324; 
17-07-12/23:00:00; 000009963; 000017110; 000029765; 000028595; 000041527; 000018748; 000015141; 000015329; 
17-07-13/23:00:00; 000009966; 000017114; 000029769; 000028602; 000041534; 000018753; 000015146; 000015333; 
17-07-14/23:00:00; 000009966; 000017115; 000029769; 000028602; 000041537; 000018754; 000015147; 000015333; 
17-07-15/23:00:00; 000009966; 000017115; 000029770; 000028603; 000041539; 000018755; 000015147; 000015333; 
17-07-16/23:00:00; 000009966; 000017115; 000029770; 000028603; 000041542; 000018756; 000015148; 000015333; 
17-07-17/23:00:00; 000009970; 000017121; 000029775; 000028612; 000041552; 000018763; 000015155; 000015338; 
17-07-18/23:00:00; 000009975; 000017128; 000029781; 000028621; 000041561; 000018770; 000015163; 000015344; 
17-07-19/23:00:00; 000009980; 000017136; 000029787; 000028630; 000041569; 000018777; 000015171; 000015350; 
17-07-20/23:00:01; 000009983; 000017142; 000029792; 000028637; 000041578; 000018784; 000015178; 000015356; 
17-07-21/23:00:00; 000009987; 000017147; 000029798; 000028643; 000041586; 000018791; 000015185; 000015360; 
17-07-22/23:00:00; 000009987; 000017147; 000029798; 000028644; 000041588; 000018792; 000015185; 000015360; 
17-07-23/23:00:00; 000009987; 000017147; 000029799; 000028644; 000041591; 000018793; 000015185; 000015360; 
17-07-24/23:00:00; 000009989; 000017150; 000029802; 000028648; 000041596; 000018798; 000015190; 000015363; 
17-07-25/23:00:00; 000009991; 000017153; 000029806; 000028653; 000041600; 000018802; 000015193; 000015366; 
17-07-26/23:00:00; 000009994; 000017156; 000029810; 000028657; 000041606; 000018807; 000015198; 000015369; 
17-07-27/23:00:00; 000009996; 000017160; 000029813; 000028662; 000041611; 000018811; 000015202; 000015372; 
17-07-28/23:00:00; 000009998; 000017163; 000029817; 000028666; 000041616; 000018816; 000015207; 000015375; 
17-07-29/23:00:00; 000009998; 000017163; 000029817; 000028667; 000041619; 000018817; 000015207; 000015375; 
17-07-30/23:00:00; 000009998; 000017164; 000029818; 000028667; 000041621; 000018818; 000015207; 000015375; 
17-07-31/23:00:00; 000010001; 000017168; 000029822; 000028673; 000041628; 000018823; 000015213; 000015380; 
17-08-01/23:00:00; 000010004; 000017173; 000029826; 000028679; 000041634; 000018829; 000015219; 000015384; 
17-08-02/23:00:00; 000010007; 000017177; 000029830; 000028685; 000041641; 000018835; 000015225; 000015388; 
17-08-03/23:00:00; 000010010; 000017183; 000029835; 000028691; 000041648; 000018841; 000015231; 000015393; 
17-08-04/23:00:00; 000010013; 000017188; 000029839; 000028697; 000041655; 000018846; 000015236; 000015397; 
17-08-05/23:00:00; 000010013; 000017188; 000029840; 000028698; 000041657; 000018847; 000015237; 000015397; 
17-08-06/23:00:00; 000010013; 000017189; 000029840; 000028698; 000041659; 000018848; 000015237; 000015397; 
17-08-07/23:00:00; 000010017; 000017193; 000029845; 000028704; 000041666; 000018854; 000015243; 000015402; 
17-08-08/23:00:00; 000010019; 000017196; 000029849; 000028709; 000041671; 000018859; 000015247; 000015405; 
17-08-09/23:00:00; 000010021; 000017199; 000029852; 000028712; 000041676; 000018863; 000015250; 000015407; 
17-08-10/23:00:00; 000010023; 000017201; 000029855; 000028716; 000041680; 000018867; 000015253; 000015409; 
17-08-11/23:00:00; 000010024; 000017204; 000029857; 000028720; 000041684; 000018871; 000015257; 000015411; 
17-08-12/23:00:00; 000010024; 000017204; 000029858; 000028720; 000041686; 000018872; 000015257; 000015411; 
17-08-13/23:00:00; 000010024; 000017205; 000029858; 000028720; 000041688; 000018873; 000015257; 000015411; 
17-08-14/23:00:00; 000010025; 000017205; 000029858; 000028721; 000041689; 000018874; 000015258; 000015411; 
17-08-15/23:00:00; 000010025; 000017206; 000029859; 000028721; 000041691; 000018874; 000015258; 000015411; 
17-08-16/23:00:00; 000010028; 000017211; 000029863; 000028727; 000041697; 000018880; 000015263; 000015416; 
17-08-17/23:00:00; 000010030; 000017214; 000029866; 000028731; 000041701; 000018885; 000015268; 000015419; 
17-08-18/23:00:00; 000010031; 000017217; 000029869; 000028736; 000041706; 000018889; 000015272; 000015422; 
17-08-19/23:00:00; 000010031; 000017218; 000029870; 000028736; 000041708; 000018890; 000015272; 000015422; 
17-08-20/23:00:00; 000010031; 000017218; 000029870; 000028736; 000041710; 000018891; 000015272; 000015422; 
17-08-21/23:00:00; 000010034; 000017222; 000029874; 000028741; 000041715; 000018896; 000015277; 000015426; 
17-08-22/23:00:00; 000010037; 000017228; 000029878; 000028747; 000041721; 000018902; 000015284; 000015430; 
17-08-23/23:00:00; 000010041; 000017234; 000029883; 000028754; 000041728; 000018908; 000015290; 000015435; 
17-08-24/23:00:00; 000010043; 000017238; 000029886; 000028759; 000041733; 000018914; 000015295; 000015439; 
17-08-25/23:00:00; 000010045; 000017242; 000029890; 000028764; 000041737; 000018919; 000015299; 000015442; 
17-08-26/23:00:00; 000010045; 000017242; 000029890; 000028765; 000041740; 000018920; 000015299; 000015442; 
17-08-27/23:00:00; 000010045; 000017243; 000029890; 000028765; 000041742; 000018921; 000015300; 000015442; 
17-08-28/23:00:00; 000010049; 000017250; 000029896; 000028773; 000041750; 000018928; 000015308; 000015448; 
17-08-29/23:00:00; 000010053; 000017258; 000029901; 000028781; 000041757; 000018935; 000015316; 000015455; 
17-08-30/23:00:00; 000010056; 000017264; 000029906; 000028788; 000041764; 000018942; 000015322; 000015459; 
17-08-31/23:00:00; 000010058; 000017267; 000029909; 000028792; 000041768; 000018947; 000015326; 000015462; 
17-09-01/23:00:00; 000010061; 000017271; 000029912; 000028797; 000041773; 000018951; 000015330; 000015465; 
17-09-02/23:00:00; 000010061; 000017271; 000029913; 000028798; 000041775; 000018952; 000015330; 000015465; 
17-09-03/23:00:00; 000010061; 000017271; 000029913; 000028799; 000041777; 000018953; 000015331; 000015465; 
17-09-04/23:00:00; 000010063; 000017276; 000029917; 000028804; 000041781; 000018958; 000015336; 000015469; 
17-09-05/23:00:00; 000010065; 000017280; 000029920; 000028809; 000041786; 000018963; 000015340; 000015472; 
17-09-06/23:00:00; 000010067; 000017283; 000029921; 000028813; 000041790; 000018967; 000015344; 000015474; 
17-09-07/23:00:00; 000010069; 000017286; 000029924; 000028817; 000041793; 000018971; 000015347; 000015476; 
17-09-08/23:00:00; 000010070; 000017288; 000029926; 000028820; 000041797; 000018974; 000015350; 000015478; 
17-09-09/23:00:00; 000010070; 000017288; 000029926; 000028821; 000041798; 000018975; 000015351; 000015478; 
17-09-10/23:00:01; 000010070; 000017288; 000029926; 000028822; 000041800; 000018976; 000015351; 000015478; 
17-09-11/23:00:00; 000010071; 000017290; 000029927; 000028824; 000041803; 000018977; 000015352; 000015479; 
17-09-12/23:00:00; 000010071; 000017291; 000029928; 000028825; 000041805; 000018978; 000015353; 000015479; 
17-09-13/23:00:00; 000010071; 000017291; 000029929; 000028826; 000041807; 000018979; 000015353; 000015479; 
17-09-14/23:00:00; 000010072; 000017292; 000029930; 000028828; 000041810; 000018980; 000015353; 000015479; 
17-09-15/23:00:00; 000010074; 000017294; 000029932; 000028832; 000041813; 000018982; 000015353; 000015479; 
17-09-16/23:00:00; 000010074; 000017294; 000029932; 000028833; 000041814; 000018982; 000015354; 000015479; 
17-09-17/23:00:00; 000010074; 000017294; 000029933; 000028833; 000041816; 000018982; 000015354; 000015479; 
17-09-18/23:00:00; 000010075; 000017296; 000029934; 000028837; 000041819; 000018984; 000015354; 000015479; 
17-09-19/23:00:00; 000010077; 000017297; 000029936; 000028841; 000041822; 000018986; 000015355; 000015479; 
17-09-20/23:00:00; 000010079; 000017299; 000029938; 000028846; 000041826; 000018988; 000015357; 000015480; 
17-09-21/23:00:00; 000010081; 000017302; 000029941; 000028851; 000041830; 000018990; 000015359; 000015481; 
17-09-22/23:00:00; 000010083; 000017304; 000029943; 000028856; 000041834; 000018992; 000015362; 000015482; 
17-09-23/23:00:00; 000010083; 000017304; 000029943; 000028856; 000041836; 000018992; 000015362; 000015482; 
17-09-24/23:00:00; 000010083; 000017305; 000029943; 000028856; 000041837; 000018992; 000015362; 000015482; 
17-09-25/23:00:00; 000010085; 000017307; 000029945; 000028861; 000041841; 000018995; 000015363; 000015483; 
17-09-26/23:00:00; 000010087; 000017310; 000029947; 000028866; 000041845; 000018997; 000015365; 000015486; 
17-09-27/23:00:00; 000010089; 000017311; 000029950; 000028870; 000041849; 000018999; 000015367; 000015487; 
17-09-28/23:00:00; 000010090; 000017313; 000029952; 000028874; 000041853; 000019001; 000015369; 000015488; 
17-09-29/23:00:00; 000010092; 000017315; 000029954; 000028878; 000041858; 000019004; 000015371; 000015490; 
17-09-30/23:00:00; 000010092; 000017315; 000029954; 000028879; 000041860; 000019004; 000015371; 000015490; 
17-10-01/23:00:00; 000010092; 000017315; 000029955; 000028879; 000041862; 000019004; 000015371; 000015490; 
17-10-02/23:00:00; 000010094; 000017316; 000029956; 000028882; 000041865; 000019006; 000015373; 000015490; 
17-10-03/23:00:00; 000010096; 000017318; 000029958; 000028886; 000041869; 000019007; 000015374; 000015492; 
17-10-04/23:00:00; 000010098; 000017320; 000029961; 000028890; 000041873; 000019010; 000015376; 000015493; 
17-10-05/23:00:00; 000010099; 000017321; 000029963; 000028894; 000041876; 000019011; 000015377; 000015494; 
17-10-06/23:00:01; 000010101; 000017323; 000029965; 000028898; 000041879; 000019013; 000015378; 000015495; 
17-10-07/23:00:00; 000010101; 000017323; 000029965; 000028898; 000041881; 000019013; 000015378; 000015495; 
17-10-08/23:00:00; 000010101; 000017323; 000029966; 000028898; 000041883; 000019013; 000015379; 000015495; 
17-10-09/23:00:00; 000010102; 000017325; 000029967; 000028902; 000041885; 000019015; 000015379; 000015495; 
17-10-10/23:00:00; 000010104; 000017326; 000029969; 000028905; 000041888; 000019016; 000015380; 000015496; 
17-10-11/23:00:00; 000010105; 000017327; 000029971; 000028908; 000041891; 000019018; 000015381; 000015497; 
17-10-12/23:00:00; 000010107; 000017329; 000029973; 000028912; 000041895; 000019020; 000015382; 000015498; 
17-10-13/23:00:00; 000010109; 000017331; 000029975; 000028916; 000041899; 000019022; 000015384; 000015499; 
17-10-14/23:00:00; 000010109; 000017331; 000029976; 000028917; 000041901; 000019022; 000015384; 000015499; 
17-10-15/23:00:00; 000010109; 000017332; 000029976; 000028917; 000041903; 000019022; 000015384; 000015499; 
17-10-16/23:00:00; 000010111; 000017335; 000029978; 000028922; 000041908; 000019025; 000015386; 000015500; 
17-10-17/23:00:00; 000010113; 000017338; 000029981; 000028927; 000041912; 000019027; 000015388; 000015502; 
17-10-18/23:00:00; 000010115; 000017340; 000029983; 000028931; 000041916; 000019029; 000015389; 000015503; 
17-10-19/23:00:00; 000010117; 000017342; 000029985; 000028935; 000041920; 000019032; 000015391; 000015504; 
17-10-20/23:00:00; 000010118; 000017344; 000029988; 000028939; 000041924; 000019034; 000015392; 000015507; 
17-10-21/23:00:00; 000010118; 000017344; 000029988; 000028939; 000041926; 000019034; 000015392; 000015507; 
17-10-22/23:00:00; 000010118; 000017344; 000029988; 000028940; 000041928; 000019035; 000015393; 000015507; 
17-10-23/23:00:00; 000010119; 000017345; 000029990; 000028942; 000041930; 000019036; 000015393; 000015508; 
17-10-24/23:00:00; 000010121; 000017346; 000029992; 000028945; 000041933; 000019038; 000015394; 000015510; 
17-10-25/23:00:00; 000010122; 000017348; 000029994; 000028948; 000041937; 000019041; 000015396; 000015512; 
17-10-26/23:00:00; 000010123; 000017349; 000029996; 000028951; 000041940; 000019043; 000015397; 000015514; 
17-10-27/23:00:00; 000010125; 000017351; 000029998; 000028956; 000041943; 000019045; 000015398; 000015516; 
17-10-28/23:00:00; 000010125; 000017351; 000029998; 000028956; 000041945; 000019046; 000015398; 000015516; 
17-10-29/23:00:00; 000010125; 000017351; 000029999; 000028957; 000041947; 000019046; 000015398; 000015516; 
17-10-30/23:00:00; 000010125; 000017351; 000029999; 000028958; 000041949; 000019046; 000015399; 000015516; 
17-10-31/23:00:00; 000010125; 000017352; 000030000; 000028959; 000041951; 000019046; 000015399; 000015516; 
17-11-01/23:00:00; 000010125; 000017352; 000030000; 000028960; 000041953; 000019047; 000015399; 000015516; 
17-11-02/23:00:00; 000010126; 000017353; 000030002; 000028962; 000041955; 000019048; 000015400; 000015518; 
17-11-03/23:00:00; 000010127; 000017354; 000030004; 000028965; 000041958; 000019050; 000015400; 000015519; 
17-11-04/23:00:00; 000010127; 000017354; 000030004; 000028966; 000041959; 000019050; 000015400; 000015519; 
17-11-05/23:00:00; 000010127; 000017354; 000030005; 000028966; 000041961; 000019050; 000015401; 000015519; 
17-11-06/23:00:00; 000010129; 000017355; 000030006; 000028969; 000041963; 000019052; 000015401; 000015521; 
17-11-07/23:00:00; 000010130; 000017356; 000030008; 000028973; 000041967; 000019054; 000015402; 000015523; 
17-11-08/23:00:00; 000010132; 000017357; 000030011; 000028977; 000041970; 000019056; 000015402; 000015525; 
17-11-09/23:00:00; 000010133; 000017358; 000030013; 000028980; 000041973; 000019058; 000015403; 000015527; 
17-11-10/23:00:00; 000010134; 000017359; 000030015; 000028983; 000041976; 000019060; 000015404; 000015528; 
17-11-11/23:00:00; 000010134; 000017359; 000030015; 000028984; 000041978; 000019060; 000015404; 000015528; 
17-11-12/23:00:00; 000010134; 000017359; 000030015; 000028984; 000041979; 000019060; 000015404; 000015528; 
17-11-13/23:00:00; 000010136; 000017360; 000030017; 000028986; 000041982; 000019062; 000015405; 000015530; 
17-11-14/23:00:00; 000010137; 000017361; 000030019; 000028990; 000041985; 000019064; 000015406; 000015532; 
17-11-15/23:00:00; 000010139; 000017362; 000030021; 000028993; 000041988; 000019066; 000015406; 000015533; 
17-11-16/23:00:00; 000010140; 000017363; 000030023; 000028996; 000041991; 000019068; 000015407; 000015535; 
17-11-17/23:00:00; 000010141; 000017364; 000030025; 000029000; 000041995; 000019070; 000015408; 000015537; 
17-11-18/23:00:00; 000010141; 000017364; 000030026; 000029000; 000041997; 000019071; 000015408; 000015537; 
17-11-19/23:00:00; 000010141; 000017364; 000030026; 000029001; 000041999; 000019071; 000015408; 000015537; 
17-11-20/23:00:00; 000010142; 000017365; 000030027; 000029003; 000042003; 000019072; 000015409; 000015539; 
17-11-21/23:00:00; 000010143; 000017366; 000030027; 000029005; 000042006; 000019074; 000015410; 000015540; 
17-11-22/23:00:00; 000010145; 000017367; 000030029; 000029007; 000042010; 000019077; 000015411; 000015542; 
17-11-23/23:00:00; 000010146; 000017368; 000030031; 000029010; 000042014; 000019079; 000015412; 000015544; 
17-11-24/23:00:00; 000010148; 000017368; 000030033; 000029012; 000042018; 000019081; 000015413; 000015546; 
17-11-25/23:00:00; 000010148; 000017369; 000030034; 000029013; 000042020; 000019081; 000015413; 000015546; 
17-11-26/23:00:00; 000010148; 000017369; 000030034; 000029013; 000042022; 000019081; 000015413; 000015546; 
17-11-27/23:00:00; 000010149; 000017369; 000030036; 000029015; 000042025; 000019083; 000015414; 000015547; 
17-11-28/23:00:00; 000010151; 000017370; 000030038; 000029017; 000042029; 000019084; 000015415; 000015549; 
17-11-29/23:00:00; 000010152; 000017371; 000030040; 000029020; 000042032; 000019086; 000015415; 000015551; 
17-11-30/23:00:00; 000010153; 000017371; 000030041; 000029022; 000042036; 000019087; 000015416; 000015551; 
17-12-01/23:00:00; 000010153; 000017371; 000030042; 000029023; 000042040; 000019088; 000015416; 000015551; 
17-12-02/23:00:00; 000010153; 000017372; 000030043; 000029024; 000042042; 000019088; 000015416; 000015551; 
17-12-03/23:00:00; 000010153; 000017372; 000030043; 000029024; 000042044; 000019089; 000015416; 000015551; 
17-12-04/23:00:00; 000010153; 000017372; 000030044; 000029025; 000042047; 000019089; 000015416; 000015551; 
17-12-05/23:00:00; 000010153; 000017372; 000030045; 000029026; 000042051; 000019090; 000015416; 000015551; 
17-12-06/23:00:00; 000010153; 000017373; 000030046; 000029028; 000042054; 000019091; 000015416; 000015551; 
17-12-07/23:00:00; 000010153; 000017373; 000030047; 000029029; 000042057; 000019091; 000015416; 000015551; 
17-12-08/23:00:00; 000010153; 000017374; 000030048; 000029031; 000042061; 000019092; 000015416; 000015551; 
17-12-09/23:00:00; 000010153; 000017374; 000030048; 000029032; 000042063; 000019092; 000015416; 000015551; 
17-12-10/23:00:00; 000010153; 000017374; 000030049; 000029032; 000042065; 000019092; 000015416; 000015551; 
17-12-11/23:00:00; 000010153; 000017374; 000030050; 000029034; 000042068; 000019093; 000015416; 000015551; 
17-12-12/23:00:00; 000010153; 000017374; 000030051; 000029037; 000042071; 000019093; 000015416; 000015551; 
17-12-13/23:00:00; 000010153; 000017375; 000030051; 000029039; 000042073; 000019094; 000015416; 000015551; 
17-12-14/23:00:00; 000010153; 000017375; 000030053; 000029041; 000042076; 000019094; 000015416; 000015551; 
17-12-15/23:00:00; 000010153; 000017376; 000030055; 000029044; 000042079; 000019095; 000015416; 000015551; 
17-12-16/23:00:01; 000010153; 000017376; 000030056; 000029044; 000042081; 000019096; 000015416; 000015551; 
17-12-17/23:00:00; 000010153; 000017376; 000030056; 000029045; 000042083; 000019096; 000015416; 000015551; 
17-12-18/23:00:00; 000010154; 000017376; 000030058; 000029047; 000042086; 000019097; 000015416; 000015552; 
17-12-19/23:00:00; 000010155; 000017377; 000030060; 000029050; 000042089; 000019097; 000015416; 000015553; 
17-12-20/23:00:00; 000010155; 000017377; 000030062; 000029053; 000042092; 000019098; 000015416; 000015554; 
17-12-21/23:00:00; 000010156; 000017377; 000030064; 000029056; 000042095; 000019099; 000015416; 000015554; 
17-12-22/23:00:00; 000010157; 000017378; 000030065; 000029060; 000042098; 000019101; 000015416; 000015555; 
17-12-23/23:00:00; 000010157; 000017378; 000030066; 000029060; 000042100; 000019101; 000015416; 000015555; 
17-12-24/23:00:00; 000010157; 000017378; 000030066; 000029061; 000042102; 000019101; 000015416; 000015555; 
17-12-25/23:00:01; 000010157; 000017378; 000030067; 000029062; 000042104; 000019102; 000015416; 000015555; 
17-12-26/23:00:00; 000010157; 000017378; 000030067; 000029062; 000042106; 000019102; 000015416; 000015555; 
17-12-27/23:00:00; 000010157; 000017378; 000030068; 000029063; 000042108; 000019102; 000015416; 000015555; 
17-12-28/23:00:00; 000010157; 000017378; 000030068; 000029063; 000042110; 000019102; 000015416; 000015555; 
17-12-29/23:00:00; 000010157; 000017378; 000030068; 000029064; 000042112; 000019103; 000015416; 000015555; 
17-12-30/23:00:00; 000010157; 000017378; 000030069; 000029065; 000042114; 000019103; 000015416; 000015555; 
17-12-31/23:00:01; 000010157; 000017378; 000030069; 000029065; 000042116; 000019103; 000015416; 000015555; 
18-01-01/23:00:00; 000010158; 000017378; 000030070; 000029066; 000042118; 000019103; 000015416; 000015555; 
18-01-02/23:00:00; 000010158; 000017379; 000030070; 000029067; 000042120; 000019104; 000015416; 000015556; 
18-01-03/23:00:01; 000010159; 000017379; 000030071; 000029069; 000042123; 000019104; 000015416; 000015556; 
18-01-04/23:00:00; 000010159; 000017379; 000030072; 000029070; 000042125; 000019105; 000015416; 000015557; 
18-01-05/23:00:00; 000010160; 000017379; 000030074; 000029072; 000042128; 000019106; 000015416; 000015557; 
18-01-06/23:00:00; 000010160; 000017379; 000030074; 000029073; 000042130; 000019107; 000015416; 000015557; 
18-01-07/23:00:00; 000010160; 000017379; 000030075; 000029074; 000042132; 000019107; 000015416; 000015557; 
18-01-08/23:00:00; 000010161; 000017379; 000030076; 000029075; 000042135; 000019108; 000015416; 000015558; 
18-01-09/23:00:00; 000010161; 000017379; 000030077; 000029076; 000042138; 000019109; 000015416; 000015559; 
18-01-10/23:00:00; 000010162; 000017379; 000030079; 000029079; 000042141; 000019111; 000015416; 000015560; 
18-01-11/23:00:00; 000010163; 000017380; 000030081; 000029082; 000042144; 000019113; 000015416; 000015561; 
18-01-12/23:00:00; 000010164; 000017380; 000030083; 000029085; 000042147; 000019115; 000015416; 000015562; 
18-01-13/23:00:00; 000010164; 000017380; 000030083; 000029086; 000042149; 000019115; 000015416; 000015562; 
18-01-14/23:00:01; 000010164; 000017380; 000030084; 000029086; 000042151; 000019115; 000015416; 000015562; 
18-01-15/23:00:01; 000010164; 000017380; 000030085; 000029089; 000042154; 000019116; 000015416; 000015563; 
18-01-16/23:00:00; 000010165; 000017380; 000030087; 000029091; 000042157; 000019117; 000015416; 000015565; 
18-01-17/23:00:00; 000010166; 000017380; 000030089; 000029093; 000042160; 000019119; 000015416; 000015566; 
18-01-18/23:00:01; 000010166; 000017380; 000030091; 000029095; 000042163; 000019121; 000015416; 000015567; 
18-01-19/23:00:01; 000010167; 000017380; 000030093; 000029098; 000042166; 000019122; 000015416; 000015569; 
18-01-20/23:00:00; 000010167; 000017381; 000030094; 000029098; 000042168; 000019123; 000015416; 000015569; 
18-01-21/23:00:00; 000010167; 000017381; 000030094; 000029099; 000042170; 000019123; 000015416; 000015569; 
18-01-22/23:00:00; 000010167; 000017381; 000030096; 000029101; 000042172; 000019124; 000015416; 000015570; 
18-01-23/23:00:01; 000010168; 000017381; 000030098; 000029104; 000042175; 000019126; 000015416; 000015571; 
18-01-24/23:00:00; 000010168; 000017382; 000030099; 000029107; 000042178; 000019127; 000015416; 000015572; 
18-01-25/23:00:00; 000010169; 000017383; 000030101; 000029110; 000042182; 000019129; 000015416; 000015573; 
18-01-26/23:00:00; 000010169; 000017384; 000030103; 000029113; 000042185; 000019131; 000015419; 000015575; 
18-01-27/23:00:00; 000010169; 000017384; 000030104; 000029114; 000042187; 000019131; 000015419; 000015575; 
18-01-28/23:00:00; 000010169; 000017384; 000030104; 000029114; 000042189; 000019131; 000015419; 000015575; 
18-01-29/23:00:00; 000010170; 000017385; 000030106; 000029117; 000042192; 000019133; 000015424; 000015576; 
18-01-30/23:00:00; 000010170; 000017385; 000030108; 000029120; 000042195; 000019135; 000015428; 000015577; 
18-01-31/23:00:01; 000010171; 000017386; 000030110; 000029122; 000042198; 000019136; 000015433; 000015578; 
18-02-01/23:00:01; 000010171; 000017386; 000030112; 000029125; 000042201; 000019138; 000015437; 000015579; 
18-02-02/23:00:00; 000010172; 000017386; 000030113; 000029127; 000042204; 000019139; 000015440; 000015580; 
18-02-03/23:00:00; 000010172; 000017386; 000030114; 000029128; 000042206; 000019139; 000015440; 000015580; 
18-02-04/23:00:00; 000010172; 000017387; 000030115; 000029129; 000042208; 000019139; 000015440; 000015580; 
18-02-05/23:00:00; 000010172; 000017387; 000030116; 000029131; 000042211; 000019141; 000015443; 000015581; 
18-02-06/23:00:00; 000010173; 000017387; 000030118; 000029133; 000042214; 000019142; 000015445; 000015582; 
18-02-07/23:00:00; 000010173; 000017387; 000030120; 000029134; 000042216; 000019143; 000015448; 000015583; 
18-02-08/23:00:00; 000010174; 000017387; 000030122; 000029136; 000042219; 000019145; 000015451; 000015584; 
18-02-09/23:00:00; 000010175; 000017387; 000030124; 000029137; 000042222; 000019146; 000015453; 000015585; 
18-02-10/23:00:00; 000010175; 000017387; 000030125; 000029138; 000042224; 000019147; 000015453; 000015585; 
18-02-11/23:00:00; 000010175; 000017387; 000030125; 000029138; 000042226; 000019147; 000015453; 000015585; 
18-02-12/23:00:00; 000010175; 000017387; 000030127; 000029140; 000042229; 000019149; 000015457; 000015586; 
18-02-13/23:00:00; 000010176; 000017387; 000030129; 000029142; 000042232; 000019150; 000015460; 000015587; 
18-02-14/23:00:00; 000010176; 000017387; 000030131; 000029144; 000042235; 000019152; 000015462; 000015588; 
18-02-15/23:00:00; 000010177; 000017388; 000030133; 000029147; 000042237; 000019154; 000015466; 000015589; 
18-02-16/23:00:00; 000010178; 000017389; 000030135; 000029150; 000042240; 000019156; 000015470; 000015590; 
18-02-17/23:00:00; 000010178; 000017389; 000030136; 000029151; 000042242; 000019156; 000015470; 000015590; 
18-02-18/23:00:00; 000010178; 000017389; 000030137; 000029152; 000042244; 000019156; 000015470; 000015590; 
18-02-19/23:00:00; 000010179; 000017390; 000030138; 000029154; 000042247; 000019158; 000015474; 000015591; 
18-02-20/23:00:00; 000010180; 000017391; 000030141; 000029157; 000042250; 000019160; 000015477; 000015592; 
18-02-21/23:00:00; 000010182; 000017392; 000030143; 000029160; 000042253; 000019162; 000015480; 000015593; 
18-02-22/23:00:00; 000010184; 000017393; 000030145; 000029164; 000042256; 000019164; 000015484; 000015595; 
18-02-23/23:00:00; 000010186; 000017395; 000030147; 000029167; 000042259; 000019167; 000015487; 000015596; 
18-02-24/23:00:00; 000010186; 000017396; 000030149; 000029171; 000042262; 000019169; 000015488; 000015598; 
18-02-25/23:00:00; 000010187; 000017397; 000030151; 000029174; 000042266; 000019172; 000015488; 000015600; 
18-02-26/23:00:00; 000010189; 000017399; 000030153; 000029178; 000042269; 000019174; 000015492; 000015602; 
18-02-27/23:00:00; 000010191; 000017400; 000030155; 000029181; 000042272; 000019175; 000015498; 000015604; 
18-02-28/23:00:00; 000010191; 000017401; 000030156; 000029183; 000042274; 000019176; 000015500; 000015605; 
18-03-01/23:00:00; 000010193; 000017401; 000030157; 000029185; 000042276; 000019178; 000015505; 000015606; 
18-03-02/23:00:00; 000010195; 000017401; 000030158; 000029187; 000042278; 000019180; 000015511; 000015607; 
18-03-03/23:00:00; 000010195; 000017402; 000030159; 000029189; 000042281; 000019180; 000015511; 000015607; 
18-03-04/23:00:00; 000010195; 000017402; 000030159; 000029190; 000042283; 000019181; 000015511; 000015607; 
18-03-05/23:00:00; 000010197; 000017404; 000030160; 000029193; 000042286; 000019184; 000015513; 000015608; 
18-03-06/23:00:00; 000010198; 000017409; 000030161; 000029196; 000042289; 000019186; 000015513; 000015610; 
18-03-07/23:00:00; 000010200; 000017414; 000030162; 000029198; 000042292; 000019189; 000015513; 000015611; 
18-03-08/23:00:00; 000010201; 000017419; 000030164; 000029200; 000042295; 000019191; 000015513; 000015612; 
18-03-09/23:00:00; 000010203; 000017423; 000030165; 000029203; 000042298; 000019193; 000015514; 000015614; 
18-03-10/23:00:00; 000010203; 000017427; 000030166; 000029205; 000042300; 000019194; 000015514; 000015614; 
18-03-11/23:00:00; 000010203; 000017428; 000030166; 000029206; 000042302; 000019194; 000015514; 000015614; 
18-03-12/23:00:00; 000010205; 000017432; 000030168; 000029208; 000042305; 000019196; 000015515; 000015615; 
18-03-13/23:00:00; 000010207; 000017438; 000030170; 000029211; 000042308; 000019198; 000015515; 000015616; 
18-03-14/23:00:00; 000010209; 000017443; 000030172; 000029214; 000042311; 000019200; 000015516; 000015618; 
18-03-15/23:00:00; 000010211; 000017448; 000030174; 000029218; 000042315; 000019201; 000015517; 000015620; 
18-03-16/23:00:00; 000010213; 000017453; 000030176; 000029221; 000042320; 000019203; 000015518; 000015621; 
18-03-17/23:00:00; 000010213; 000017458; 000030177; 000029223; 000042323; 000019204; 000015518; 000015621; 
18-03-18/23:00:00; 000010213; 000017462; 000030178; 000029224; 000042326; 000019205; 000015518; 000015621; 
18-03-19/23:00:00; 000010215; 000017466; 000030180; 000029227; 000042329; 000019207; 000015519; 000015623; 
18-03-20/23:00:00; 000010217; 000017471; 000030182; 000029231; 000042332; 000019209; 000015521; 000015624; 
18-03-21/23:00:00; 000010218; 000017476; 000030184; 000029234; 000042337; 000019212; 000015522; 000015626; 
18-03-22/23:00:00; 000010220; 000017480; 000030185; 000029237; 000042342; 000019214; 000015524; 000015627; 
18-03-23/23:00:00; 000010221; 000017484; 000030187; 000029239; 000042347; 000019216; 000015525; 000015628; 
18-03-24/23:00:00; 000010221; 000017490; 000030188; 000029241; 000042351; 000019217; 000015525; 000015628; 
18-03-25/23:00:00; 000010221; 000017495; 000030189; 000029244; 000042355; 000019218; 000015525; 000015628; 
18-03-26/23:00:00; 000010224; 000017500; 000030191; 000029248; 000042361; 000019222; 000015527; 000015630; 
18-03-27/23:00:00; 000010225; 000017505; 000030193; 000029250; 000042367; 000019224; 000015528; 000015631; 
18-03-28/23:00:00; 000010227; 000017511; 000030195; 000029253; 000042373; 000019227; 000015529; 000015633; 
18-03-29/23:00:00; 000010229; 000017515; 000030197; 000029256; 000042379; 000019229; 000015531; 000015634; 
18-03-30/23:00:00; 000010231; 000017521; 000030199; 000029259; 000042385; 000019232; 000015532; 000015636; 
18-03-31/23:00:00; 000010231; 000017526; 000030200; 000029260; 000042389; 000019233; 000015532; 000015636; 
18-04-01/23:00:00; 000010231; 000017531; 000030201; 000029262; 000042394; 000019234; 000015532; 000015636; 
18-04-02/23:00:00; 000010232; 000017534; 000030202; 000029264; 000042398; 000019236; 000015533; 000015637; 
18-04-03/23:00:00; 000010233; 000017538; 000030204; 000029266; 000042403; 000019238; 000015534; 000015638; 
18-04-04/23:00:00; 000010235; 000017543; 000030206; 000029269; 000042409; 000019241; 000015536; 000015640; 
18-04-05/23:00:00; 000010237; 000017547; 000030208; 000029272; 000042414; 000019244; 000015537; 000015641; 
18-04-06/23:00:00; 000010239; 000017551; 000030210; 000029277; 000042420; 000019247; 000015539; 000015643; 
18-04-07/23:00:00; 000010239; 000017553; 000030211; 000029278; 000042423; 000019247; 000015539; 000015643; 
18-04-08/23:00:00; 000010239; 000017555; 000030212; 000029279; 000042425; 000019248; 000015539; 000015643; 
18-04-09/23:00:00; 000010240; 000017559; 000030214; 000029283; 000042431; 000019251; 000015541; 000015644; 
18-04-10/23:00:00; 000010242; 000017563; 000030216; 000029287; 000042436; 000019254; 000015543; 000015645; 
18-04-11/23:00:00; 000010243; 000017566; 000030218; 000029290; 000042441; 000019256; 000015544; 000015647; 
18-04-12/23:00:00; 000010245; 000017570; 000030220; 000029293; 000042447; 000019259; 000015546; 000015648; 
18-04-13/23:00:00; 000010247; 000017574; 000030222; 000029296; 000042453; 000019262; 000015548; 000015650; 
18-04-14/23:00:00; 000010247; 000017575; 000030223; 000029297; 000042455; 000019263; 000015548; 000015650; 
18-04-15/23:00:00; 000010247; 000017576; 000030223; 000029298; 000042458; 000019263; 000015549; 000015650; 
18-04-16/23:00:00; 000010248; 000017580; 000030225; 000029301; 000042463; 000019266; 000015552; 000015651; 
18-04-17/23:00:00; 000010250; 000017584; 000030228; 000029305; 000042469; 000019270; 000015555; 000015653; 
18-04-18/23:00:00; 000010253; 000017589; 000030230; 000029309; 000042475; 000019273; 000015559; 000015655; 
18-04-19/23:00:00; 000010255; 000017594; 000030234; 000029315; 000042482; 000019277; 000015564; 000015659; 
18-04-20/23:00:00; 000010258; 000017600; 000030237; 000029321; 000042488; 000019282; 000015570; 000015662; 
18-04-21/23:00:00; 000010258; 000017604; 000030239; 000029324; 000042492; 000019284; 000015570; 000015662; 
18-04-22/23:00:00; 000010258; 000017608; 000030241; 000029328; 000042495; 000019285; 000015571; 000015662; 
18-04-23/23:00:00; 000010261; 000017614; 000030245; 000029333; 000042502; 000019290; 000015576; 000015666; 
18-04-24/23:00:00; 000010264; 000017617; 000030248; 000029338; 000042509; 000019294; 000015580; 000015670; 
18-04-25/23:00:00; 000010266; 000017621; 000030251; 000029344; 000042517; 000019298; 000015584; 000015674; 
18-04-26/23:00:00; 000010268; 000017625; 000030253; 000029349; 000042525; 000019302; 000015588; 000015677; 
18-04-27/23:00:00; 000010271; 000017629; 000030256; 000029354; 000042532; 000019305; 000015592; 000015680; 
18-04-28/23:00:00; 000010271; 000017630; 000030257; 000029355; 000042535; 000019306; 000015592; 000015681; 
18-04-29/23:00:00; 000010272; 000017631; 000030257; 000029355; 000042537; 000019307; 000015592; 000015681; 
18-04-30/23:00:00; 000010272; 000017632; 000030258; 000029356; 000042539; 000019308; 000015593; 000015681; 
18-05-01/23:00:00; 000010273; 000017632; 000030258; 000029357; 000042541; 000019308; 000015593; 000015681; 
18-05-02/23:00:00; 000010275; 000017635; 000030260; 000029359; 000042544; 000019310; 000015595; 000015683; 
18-05-03/23:00:00; 000010278; 000017640; 000030262; 000029362; 000042550; 000019312; 000015599; 000015686; 
18-05-04/23:00:00; 000010280; 000017643; 000030264; 000029365; 000042555; 000019315; 000015602; 000015690; 
18-05-05/23:00:00; 000010281; 000017645; 000030265; 000029366; 000042557; 000019316; 000015602; 000015690; 
18-05-06/23:00:00; 000010283; 000017649; 000030266; 000029369; 000042560; 000019317; 000015603; 000015690; 
18-05-07/23:00:00; 000010286; 000017654; 000030269; 000029374; 000042565; 000019321; 000015609; 000015694; 
18-05-08/23:00:10; 000010290; 000017658; 000030270; 000029377; 000042568; 000019323; 000015612; 000015694; 
18-05-09/23:00:09; 000010293; 000017663; 000030274; 000029383; 000042574; 000019327; 000015617; 000015698; 
18-05-10/23:00:10; 000010295; 000017666; 000030275; 000029384; 000042577; 000019328; 000015618; 000015698; 
18-05-11/23:00:11; 000010298; 000017669; 000030277; 000029389; 000042583; 000019331; 000015622; 000015702; 
18-05-12/23:00:10; 000010299; 000017672; 000030278; 000029391; 000042586; 000019332; 000015622; 000015702; 
18-05-13/23:00:09; 000010300; 000017673; 000030279; 000029391; 000042588; 000019333; 000015623; 000015702; 
18-05-14/23:00:10; 000010302; 000017675; 000030281; 000029395; 000042592; 000019335; 000015626; 000015705; 
18-05-15/23:00:09; 000010304; 000017678; 000030283; 000029399; 000042598; 000019338; 000015630; 000015709; 
18-05-16/23:00:00; 000010306; 000017681; 000030286; 000029403; 000042603; 000019341; 000015635; 000015712; 
18-05-17/23:00:00; 000010309; 000017684; 000030288; 000029408; 000042608; 000019344; 000015639; 000015716; 
18-05-18/23:00:00; 000010311; 000017687; 000030291; 000029412; 000042613; 000019347; 000015643; 000015720; 
18-05-19/23:00:00; 000010312; 000017688; 000030292; 000029414; 000042615; 000019347; 000015643; 000015720; 
18-05-20/23:00:00; 000010312; 000017690; 000030293; 000029415; 000042617; 000019348; 000015643; 000015720; 
18-05-21/23:00:00; 000010313; 000017691; 000030294; 000029417; 000042619; 000019348; 000015644; 000015720; 
18-05-22/23:00:00; 000010315; 000017695; 000030297; 000029421; 000042624; 000019351; 000015650; 000015723; 
18-05-23/23:00:00; 000010318; 000017699; 000030300; 000029426; 000042628; 000019354; 000015656; 000015727; 
18-05-24/23:00:00; 000010320; 000017703; 000030303; 000029431; 000042633; 000019358; 000015662; 000015730; 
18-05-25/23:00:00; 000010323; 000017707; 000030306; 000029436; 000042638; 000019362; 000015670; 000015733; 
18-05-26/23:00:00; 000010323; 000017708; 000030307; 000029437; 000042640; 000019363; 000015670; 000015733; 
18-05-27/23:00:00; 000010324; 000017709; 000030308; 000029439; 000042642; 000019363; 000015670; 000015733; 
18-05-28/23:00:00; 000010328; 000017715; 000030313; 000029446; 000042648; 000019368; 000015680; 000015739; 
18-05-29/23:00:00; 000010330; 000017719; 000030316; 000029452; 000042653; 000019373; 000015688; 000015743; 
18-05-30/23:00:00; 000010333; 000017723; 000030319; 000029458; 000042659; 000019378; 000015696; 000015746; 
18-05-31/23:00:00; 000010335; 000017728; 000030323; 000029464; 000042665; 000019384; 000015705; 000015750; 
18-06-01/23:00:00; 000010337; 000017732; 000030327; 000029469; 000042669; 000019388; 000015712; 000015753; 
18-06-02/23:00:00; 000010338; 000017733; 000030328; 000029470; 000042671; 000019389; 000015713; 000015753; 
18-06-03/23:00:00; 000010338; 000017734; 000030329; 000029472; 000042673; 000019390; 000015713; 000015753; 
18-06-04/23:00:00; 000010341; 000017739; 000030333; 000029478; 000042679; 000019396; 000015724; 000015757; 
18-06-05/23:00:00; 000010343; 000017742; 000030337; 000029483; 000042684; 000019401; 000015730; 000015760; 
18-06-06/23:00:00; 000010345; 000017745; 000030340; 000029488; 000042688; 000019405; 000015737; 000015763; 
18-06-07/23:00:00; 000010348; 000017750; 000030344; 000029493; 000042693; 000019410; 000015743; 000015767; 
18-06-08/23:00:00; 000010351; 000017755; 000030349; 000029500; 000042700; 000019416; 000015748; 000015771; 
18-06-09/23:00:00; 000010352; 000017755; 000030350; 000029502; 000042702; 000019416; 000015748; 000015771; 
18-06-10/23:00:00; 000010352; 000017756; 000030351; 000029504; 000042703; 000019417; 000015748; 000015771; 
18-06-11/23:00:00; 000010355; 000017761; 000030355; 000029510; 000042709; 000019423; 000015753; 000015775; 
18-06-12/23:00:00; 000010356; 000017764; 000030358; 000029514; 000042713; 000019427; 000015757; 000015778; 
18-06-13/23:00:00; 000010358; 000017766; 000030361; 000029518; 000042716; 000019431; 000015759; 000015781; 
18-06-14/23:00:00; 000010360; 000017768; 000030363; 000029521; 000042720; 000019435; 000015763; 000015783; 
18-06-15/23:00:00; 000010363; 000017772; 000030367; 000029526; 000042724; 000019439; 000015767; 000015786; 
18-06-16/23:00:00; 000010363; 000017773; 000030368; 000029528; 000042726; 000019440; 000015767; 000015786; 
18-06-17/23:00:00; 000010363; 000017774; 000030368; 000029529; 000042727; 000019440; 000015767; 000015786; 
18-06-18/23:00:00; 000010366; 000017778; 000030372; 000029535; 000042732; 000019445; 000015769; 000015789; 
18-06-19/23:00:00; 000010368; 000017782; 000030376; 000029541; 000042737; 000019450; 000015770; 000015793; 
18-06-20/23:00:00; 000010371; 000017788; 000030380; 000029548; 000042743; 000019456; 000015771; 000015797; 
18-06-21/23:00:00; 000010373; 000017793; 000030384; 000029554; 000042748; 000019461; 000015772; 000015800; 
18-06-22/23:00:00; 000010376; 000017797; 000030387; 000029559; 000042753; 000019466; 000015772; 000015804; 
18-06-23/23:00:00; 000010376; 000017797; 000030387; 000029561; 000042755; 000019467; 000015772; 000015804; 
18-06-24/23:00:00; 000010376; 000017797; 000030388; 000029562; 000042757; 000019468; 000015772; 000015804; 
18-06-25/23:00:00; 000010379; 000017802; 000030392; 000029569; 000042763; 000019474; 000015773; 000015808; 
18-06-26/23:00:00; 000010382; 000017808; 000030397; 000029576; 000042770; 000019479; 000015773; 000015812; 
18-06-27/23:00:00; 000010386; 000017814; 000030402; 000029584; 000042777; 000019486; 000015773; 000015817; 
18-06-28/23:00:00; 000010389; 000017819; 000030407; 000029592; 000042784; 000019492; 000015773; 000015821; 
18-06-29/23:00:00; 000010392; 000017825; 000030412; 000029599; 000042791; 000019497; 000015773; 000015826; 
18-06-30/23:00:00; 000010392; 000017825; 000030412; 000029599; 000042793; 000019498; 000015773; 000015826; 
18-07-01/23:00:00; 000010392; 000017825; 000030412; 000029600; 000042795; 000019499; 000015773; 000015826; 
18-07-02/23:00:00; 000010397; 000017832; 000030418; 000029608; 000042802; 000019506; 000015775; 000015831; 
18-07-03/23:00:00; 000010401; 000017839; 000030423; 000029618; 000042809; 000019514; 000015776; 000015836; 
18-07-04/23:00:00; 000010405; 000017847; 000030429; 000029628; 000042818; 000019523; 000015777; 000015842; 
18-07-05/23:00:00; 000010409; 000017854; 000030435; 000029637; 000042827; 000019531; 000015778; 000015848; 
18-07-06/23:00:00; 000010413; 000017861; 000030441; 000029645; 000042836; 000019539; 000015778; 000015853; 
18-07-07/23:00:00; 000010413; 000017864; 000030441; 000029647; 000042838; 000019540; 000015778; 000015853; 
18-07-08/23:00:00; 000010413; 000017866; 000030442; 000029650; 000042840; 000019541; 000015778; 000015853; 
18-07-09/23:00:00; 000010419; 000017874; 000030448; 000029659; 000042850; 000019551; 000015778; 000015859; 
18-07-10/23:00:00; 000010422; 000017880; 000030453; 000029667; 000042858; 000019559; 000015778; 000015864; 
18-07-11/23:00:00; 000010425; 000017886; 000030458; 000029674; 000042865; 000019566; 000015778; 000015869; 
18-07-12/23:00:00; 000010429; 000017892; 000030463; 000029681; 000042872; 000019573; 000015778; 000015874; 
18-07-13/23:00:00; 000010432; 000017898; 000030468; 000029688; 000042881; 000019581; 000015778; 000015879; 
18-07-14/23:00:00; 000010432; 000017898; 000030468; 000029689; 000042882; 000019582; 000015778; 000015880; 
18-07-15/23:00:00; 000010432; 000017900; 000030469; 000029689; 000042884; 000019583; 000015778; 000015881; 
18-07-16/23:00:00; 000010437; 000017907; 000030475; 000029699; 000042893; 000019592; 000015779; 000015887; 
18-07-17/23:00:00; 000010441; 000017914; 000030480; 000029707; 000042902; 000019600; 000015779; 000015892; 
18-07-18/23:00:00; 000010445; 000017921; 000030486; 000029715; 000042910; 000019607; 000015779; 000015898; 
18-07-19/23:00:00; 000010449; 000017928; 000030491; 000029723; 000042918; 000019615; 000015779; 000015903; 
18-07-20/23:00:00; 000010452; 000017934; 000030496; 000029730; 000042926; 000019622; 000015779; 000015908; 
18-07-21/23:00:00; 000010452; 000017935; 000030497; 000029731; 000042928; 000019623; 000015779; 000015909; 
18-07-22/23:00:00; 000010452; 000017936; 000030497; 000029732; 000042930; 000019624; 000015780; 000015910; 
18-07-23/23:00:00; 000010457; 000017944; 000030503; 000029741; 000042939; 000019632; 000015780; 000015916; 
18-07-24/23:00:00; 000010460; 000017951; 000030509; 000029750; 000042947; 000019640; 000015780; 000015921; 
18-07-25/23:00:00; 000010464; 000017958; 000030513; 000029759; 000042956; 000019649; 000015780; 000015927; 
18-07-26/23:00:00; 000010468; 000017965; 000030518; 000029767; 000042963; 000019656; 000015780; 000015933; 
18-07-27/23:00:00; 000010472; 000017973; 000030523; 000029777; 000042973; 000019664; 000015780; 000015939; 
18-07-28/23:00:00; 000010472; 000017973; 000030524; 000029777; 000042975; 000019666; 000015780; 000015940; 
18-07-29/23:00:00; 000010473; 000017973; 000030524; 000029778; 000042977; 000019667; 000015780; 000015941; 
18-07-30/23:00:00; 000010477; 000017981; 000030530; 000029787; 000042987; 000019676; 000015781; 000015947; 
18-07-31/23:00:00; 000010481; 000017988; 000030535; 000029796; 000042997; 000019684; 000015781; 000015953; 
18-08-01/23:00:00; 000010486; 000017995; 000030540; 000029803; 000043005; 000019692; 000015781; 000015959; 
18-08-02/23:00:00; 000010490; 000018003; 000030544; 000029812; 000043014; 000019700; 000015781; 000015965; 
18-08-03/23:00:00; 000010494; 000018010; 000030549; 000029821; 000043022; 000019708; 000015781; 000015972; 
18-08-04/23:00:00; 000010494; 000018011; 000030549; 000029821; 000043024; 000019709; 000015781; 000015973; 
18-08-05/23:00:00; 000010494; 000018011; 000030550; 000029822; 000043025; 000019710; 000015781; 000015974; 
18-08-06/23:00:00; 000010499; 000018020; 000030555; 000029833; 000043035; 000019720; 000015781; 000015981; 
18-08-07/23:00:00; 000010503; 000018027; 000030560; 000029842; 000043045; 000019728; 000015782; 000015988; 
18-08-08/23:00:00; 000010508; 000018035; 000030565; 000029852; 000043054; 000019736; 000015782; 000015995; 
18-08-09/23:00:00; 000010510; 000018040; 000030569; 000029858; 000043062; 000019744; 000015782; 000016000; 
18-08-10/23:00:00; 000010513; 000018045; 000030573; 000029864; 000043069; 000019750; 000015782; 000016004; 
18-08-11/23:00:00; 000010513; 000018045; 000030574; 000029865; 000043070; 000019751; 000015782; 000016004; 
18-08-12/23:00:00; 000010513; 000018045; 000030574; 000029865; 000043072; 000019752; 000015782; 000016004; 
18-08-13/23:00:00; 000010517; 000018051; 000030579; 000029872; 000043080; 000019759; 000015782; 000016010; 
18-08-14/23:00:00; 000010520; 000018057; 000030582; 000029879; 000043086; 000019765; 000015782; 000016014; 
18-08-15/23:00:00; 000010520; 000018057; 000030583; 000029880; 000043088; 000019766; 000015782; 000016014; 
18-08-16/23:00:00; 000010523; 000018063; 000030587; 000029887; 000043096; 000019774; 000015782; 000016020; 
18-08-17/23:00:00; 000010526; 000018069; 000030590; 000029894; 000043103; 000019781; 000015782; 000016024; 
18-08-18/23:00:00; 000010526; 000018069; 000030591; 000029895; 000043105; 000019782; 000015782; 000016024; 
18-08-19/23:00:00; 000010526; 000018070; 000030591; 000029895; 000043107; 000019783; 000015782; 000016024; 
18-08-20/23:00:00; 000010530; 000018076; 000030595; 000029902; 000043115; 000019790; 000015782; 000016029; 
18-08-21/23:00:00; 000010533; 000018081; 000030599; 000029909; 000043123; 000019797; 000015782; 000016034; 
18-08-22/23:00:00; 000010536; 000018088; 000030603; 000029916; 000043131; 000019804; 000015782; 000016038; 
18-08-23/23:00:00; 000010539; 000018094; 000030607; 000029923; 000043139; 000019812; 000015782; 000016043; 
18-08-24/23:00:00; 000010541; 000018098; 000030610; 000029929; 000043145; 000019817; 000015782; 000016046; 
18-08-25/23:00:00; 000010541; 000018099; 000030610; 000029930; 000043147; 000019818; 000015782; 000016046; 
18-08-26/23:00:00; 000010541; 000018099; 000030611; 000029931; 000043149; 000019819; 000015782; 000016046; 
18-08-27/23:00:00; 000010543; 000018104; 000030614; 000029936; 000043154; 000019824; 000015782; 000016049; 
18-08-28/23:00:00; 000010546; 000018108; 000030617; 000029942; 000043160; 000019830; 000015782; 000016053; 
18-08-29/23:00:00; 000010547; 000018112; 000030619; 000029946; 000043165; 000019835; 000015782; 000016056; 
18-08-30/23:00:00; 000010549; 000018115; 000030622; 000029950; 000043169; 000019839; 000015782; 000016058; 
18-08-31/23:00:00; 000010551; 000018119; 000030624; 000029954; 000043174; 000019844; 000015782; 000016061; 
18-09-01/23:00:00; 000010551; 000018119; 000030625; 000029955; 000043176; 000019844; 000015782; 000016061; 
18-09-02/23:00:00; 000010551; 000018119; 000030625; 000029955; 000043178; 000019845; 000015782; 000016061; 
18-09-03/23:00:00; 000010553; 000018123; 000030628; 000029961; 000043183; 000019851; 000015782; 000016064; 
18-09-04/23:00:00; 000010554; 000018127; 000030630; 000029965; 000043187; 000019855; 000015782; 000016067; 
18-09-05/23:00:00; 000010557; 000018131; 000030633; 000029970; 000043193; 000019860; 000015782; 000016070; 
18-09-06/23:00:00; 000010558; 000018134; 000030635; 000029974; 000043197; 000019865; 000015782; 000016073; 
18-09-07/23:00:00; 000010560; 000018137; 000030638; 000029977; 000043201; 000019869; 000015782; 000016076; 
18-09-08/23:00:00; 000010560; 000018138; 000030638; 000029978; 000043203; 000019869; 000015782; 000016076; 
18-09-09/23:00:00; 000010560; 000018138; 000030638; 000029979; 000043205; 000019870; 000015782; 000016076; 
18-09-10/23:00:00; 000010562; 000018143; 000030641; 000029984; 000043211; 000019873; 000015782; 000016080; 
18-09-11/23:00:00; 000010565; 000018148; 000030644; 000029991; 000043216; 000019877; 000015782; 000016084; 
18-09-12/23:00:00; 000010568; 000018154; 000030648; 000029998; 000043222; 000019881; 000015782; 000016088; 
18-09-13/23:00:00; 000010569; 000018157; 000030650; 000030003; 000043233; 000019885; 000015782; 000016091; 
18-09-14/23:00:00; 000010571; 000018161; 000030652; 000030008; 000043241; 000019888; 000015782; 000016094; 
18-09-15/23:00:00; 000010571; 000018162; 000030653; 000030009; 000043242; 000019889; 000015782; 000016094; 
18-09-16/23:00:00; 000010571; 000018163; 000030653; 000030010; 000043244; 000019889; 000015782; 000016094; 
18-09-17/23:00:00; 000010574; 000018168; 000030656; 000030016; 000043248; 000019893; 000015782; 000016097; 
18-09-18/23:00:00; 000010576; 000018172; 000030659; 000030022; 000043253; 000019897; 000015782; 000016101; 
18-09-19/23:00:00; 000010579; 000018177; 000030662; 000030028; 000043257; 000019902; 000015782; 000016104; 
18-09-20/23:00:00; 000010582; 000018181; 000030665; 000030034; 000043262; 000019906; 000015782; 000016108; 
18-09-21/23:00:00; 000010583; 000018185; 000030667; 000030038; 000043266; 000019910; 000015782; 000016111; 
18-09-22/23:00:00; 000010583; 000018186; 000030668; 000030039; 000043268; 000019910; 000015782; 000016111; 
18-09-23/23:00:00; 000010583; 000018186; 000030668; 000030040; 000043270; 000019911; 000015782; 000016111; 
18-09-24/23:00:00; 000010585; 000018189; 000030670; 000030043; 000043274; 000019914; 000015782; 000016113; 
18-09-25/23:00:00; 000010587; 000018192; 000030672; 000030049; 000043280; 000019917; 000015782; 000016116; 
18-09-26/23:00:00; 000010589; 000018197; 000030675; 000030054; 000043287; 000019921; 000015782; 000016120; 
18-09-27/23:00:00; 000010591; 000018203; 000030677; 000030060; 000043293; 000019926; 000015782; 000016123; 
18-09-28/23:00:00; 000010592; 000018203; 000030678; 000030062; 000043295; 000019926; 000015782; 000016123; 
18-09-29/23:00:00; 000010592; 000018204; 000030678; 000030064; 000043297; 000019927; 000015782; 000016123; 
18-09-30/23:00:00; 000010592; 000018204; 000030678; 000030066; 000043299; 000019927; 000015782; 000016123; 