AA-MM-JJ/hh:mm:ss; sst_ch_1 ; sst_ch_2 ; sst_ch_3 ; sst_ch_4 ; sst_ch_5 ; sst_ch_6 ; sst_ch_7 ; sst_ch_8 ; 
17-04-01/23:00:00; 000025789; 000040850; 000242917; 000048532; 000021689; 000027751; 000036483; 000039539;
17-04-02/23:00:00; 000025789; 000040850; 000242917; 000048532; 000021689; 000027751; 000036484; 000039540;
17-04-03/23:00:00; 000025792; 000040857; 000242923; 000048537; 000021690; 000027754; 000036489; 000039544;
17-04-04/23:00:00; 000025795; 000040863; 000242929; 000048542; 000021693; 000027758; 000036494; 000039549;
17-04-05/23:00:00; 000025801; 000040873; 000242938; 000048547; 000021695; 000027762; 000036502; 000039557;
17-04-06/23:00:00; 000025805; 000040882; 000242948; 000048552; 000021697; 000027765; 000036509; 000039564;
17-04-07/23:00:00; 000025808; 000040888; 000242954; 000048555; 000021697; 000027766; 000036513; 000039568;
17-04-08/23:00:00; 000025808; 000040888; 000242954; 000048555; 000021697; 000027766; 000036513; 000039568;
17-04-09/23:00:00; 000025808; 000040888; 000242954; 000048555; 000021697; 000027766; 000036513; 000039568;
17-04-10/23:00:00; 000025811; 000040896; 000242960; 000048559; 000021698; 000027768; 000036518; 000039575;
17-04-11/23:00:00; 000025815; 000040902; 000242966; 000048562; 000021699; 000027769; 000036523; 000039580;
17-04-12/23:00:00; 000025816; 000040906; 000242969; 000048565; 000021700; 000027770; 000036526; 000039584;
17-04-13/23:00:00; 000025820; 000040913; 000242975; 000048569; 000021703; 000027774; 000036532; 000039591;
17-04-14/23:00:00; 000025824; 000040920; 000242981; 000048571; 000021706; 000027778; 000036537; 000039596;
17-04-15/23:00:00; 000025824; 000040920; 000242981; 000048571; 000021706; 000027778; 000036537; 000039596;
17-04-16/23:00:00; 000025824; 000040920; 000242981; 000048571; 000021706; 000027778; 000036537; 000039596;
17-04-17/23:00:00; 000025824; 000040920; 000242981; 000048571; 000021706; 000027778; 000036537; 000039596;
17-04-18/23:00:00; 000025830; 000040930; 000242990; 000048578; 000021709; 000027780; 000036544; 000039605;
17-04-19/23:00:00; 000025836; 000040941; 000243000; 000048583; 000021712; 000027785; 000036551; 000039614;
17-04-20/23:00:00; 000025842; 000040953; 000243010; 000048589; 000021715; 000027791; 000036560; 000039625;
17-04-21/23:00:01; 000025846; 000040961; 000243017; 000048593; 000021718; 000027794; 000036566; 000039631;
17-04-22/23:00:00; 000025846; 000040961; 000243017; 000048593; 000021718; 000027794; 000036566; 000039631;
17-04-23/23:00:00; 000025847; 000040962; 000243017; 000048593; 000021718; 000027794; 000036566; 000039631;
17-04-24/23:00:00; 000025851; 000040970; 000243024; 000048598; 000021719; 000027796; 000036569; 000039634;
17-04-25/23:00:00; 000025856; 000040981; 000243034; 000048603; 000021723; 000027799; 000036576; 000039642;
17-04-26/23:00:00; 000025862; 000040994; 000243045; 000048608; 000021726; 000027802; 000036584; 000039650;
17-04-27/23:00:00; 000025868; 000041008; 000243057; 000048615; 000021729; 000027807; 000036592; 000039659;
17-04-28/23:00:00; 000025873; 000041018; 000243066; 000048619; 000021732; 000027812; 000036598; 000039664;
17-04-29/23:00:00; 000025874; 000041020; 000243067; 000048620; 000021732; 000027813; 000036600; 000039665;
17-04-30/23:00:00; 000025874; 000041020; 000243067; 000048620; 000021732; 000027813; 000036600; 000039665;
17-05-01/23:00:00; 000025874; 000041020; 000243067; 000048620; 000021732; 000027813; 000036600; 000039665;
17-05-02/23:00:00; 000025877; 000041027; 000243072; 000048624; 000021734; 000027817; 000036605; 000039669;
17-05-03/23:00:00; 000025882; 000041038; 000243082; 000048630; 000021737; 000027823; 000036611; 000039677;
17-05-04/23:00:00; 000025885; 000041045; 000243088; 000048633; 000021740; 000027827; 000036615; 000039681;
17-05-16/23:00:00; 000025885; 000041045; 000243088; 000048633; 000021740; 000027827; 000036615; 000039681;
17-05-17/23:00:00; 000025885; 000041045; 000243088; 000048633; 000021740; 000027827; 000036615; 000039681;
17-05-18/23:00:00; 000025886; 000041047; 000243090; 000048634; 000021740; 000027828; 000036617; 000039683;
17-05-19/23:00:00; 000025888; 000041052; 000243094; 000048636; 000021742; 000027831; 000036621; 000039687;
17-05-20/23:00:00; 000025888; 000041052; 000243094; 000048636; 000021742; 000027831; 000036621; 000039687;
17-05-21/23:00:00; 000025888; 000041052; 000243094; 000048636; 000021742; 000027831; 000036621; 000039687;
17-05-22/23:00:00; 000025889; 000041055; 000243096; 000048638; 000021743; 000027832; 000036623; 000039688;
17-05-23/23:00:00; 000025890; 000041057; 000243098; 000048639; 000021743; 000027833; 000036625; 000039690;
17-05-24/23:00:00; 000025891; 000041059; 000243099; 000048640; 000021744; 000027834; 000036627; 000039691;
17-05-25/23:00:00; 000025891; 000041059; 000243099; 000048640; 000021744; 000027834; 000036627; 000039691;
17-05-26/23:00:00; 000025891; 000041059; 000243099; 000048640; 000021744; 000027834; 000036627; 000039691;
17-05-27/23:00:00; 000025891; 000041059; 000243099; 000048640; 000021744; 000027834; 000036627; 000039691;
17-05-28/23:00:00; 000025891; 000041059; 000243099; 000048640; 000021744; 000027834; 000036627; 000039691;
17-05-29/23:00:00; 000025891; 000041059; 000243099; 000048640; 000021744; 000027834; 000036627; 000039691;
17-05-30/23:00:00; 000025891; 000041059; 000243099; 000048640; 000021744; 000027834; 000036627; 000039691;
17-05-31/23:00:00; 000025891; 000041059; 000243099; 000048640; 000021744; 000027834; 000036627; 000039691;
17-06-01/23:00:00; 000025891; 000041059; 000243099; 000048640; 000021744; 000027834; 000036627; 000039691;
17-06-02/23:00:01; 000025891; 000041059; 000243099; 000048640; 000021744; 000027834; 000036627; 000039691;
17-06-03/23:00:00; 000025891; 000041059; 000243099; 000048640; 000021744; 000027834; 000036627; 000039691;
17-06-04/23:00:00; 000025891; 000041059; 000243099; 000048640; 000021744; 000027834; 000036627; 000039691;
17-06-05/23:00:00; 000025891; 000041059; 000243099; 000048640; 000021744; 000027834; 000036627; 000039691;
17-06-06/23:00:00; 000025891; 000041059; 000243099; 000048640; 000021744; 000027834; 000036627; 000039691;
17-06-07/23:00:00; 000025891; 000041059; 000243099; 000048640; 000021744; 000027834; 000036627; 000039691;
17-06-08/23:00:00; 000025891; 000041059; 000243099; 000048640; 000021744; 000027834; 000036627; 000039691;
17-06-09/23:00:00; 000025891; 000041059; 000243099; 000048640; 000021744; 000027834; 000036627; 000039691;
17-06-10/23:00:00; 000025891; 000041059; 000243099; 000048640; 000021744; 000027834; 000036627; 000039691;
17-06-11/23:00:00; 000025891; 000041059; 000243099; 000048640; 000021744; 000027834; 000036627; 000039691;
17-06-12/23:00:00; 000025891; 000041059; 000243099; 000048640; 000021744; 000027834; 000036627; 000039691;
17-06-13/23:00:00; 000025891; 000041059; 000243099; 000048640; 000021744; 000027834; 000036627; 000039691;
17-06-14/23:00:00; 000025891; 000041059; 000243099; 000048640; 000021744; 000027834; 000036627; 000039691;
17-06-15/23:00:00; 000025891; 000041059; 000243099; 000048640; 000021744; 000027834; 000036627; 000039691;
17-06-16/23:00:00; 000025891; 000041059; 000243099; 000048640; 000021744; 000027834; 000036627; 000039691;
17-06-17/23:00:00; 000025891; 000041059; 000243099; 000048640; 000021744; 000027834; 000036627; 000039691;
17-06-18/23:00:00; 000025891; 000041059; 000243099; 000048640; 000021744; 000027834; 000036627; 000039691;
17-06-19/23:00:00; 000025891; 000041059; 000243099; 000048640; 000021744; 000027834; 000036627; 000039691;
17-06-20/23:00:00; 000025891; 000041059; 000243099; 000048640; 000021744; 000027834; 000036627; 000039691;
17-06-21/23:00:00; 000025891; 000041059; 000243099; 000048640; 000021744; 000027834; 000036627; 000039691;
17-06-22/23:00:00; 000025891; 000041059; 000243099; 000048640; 000021744; 000027834; 000036627; 000039691;
17-06-23/23:00:00; 000025891; 000041059; 000243099; 000048640; 000021744; 000027834; 000036627; 000039691;
17-06-24/23:00:00; 000025891; 000041059; 000243099; 000048640; 000021744; 000027834; 000036627; 000039691;
17-06-25/23:00:00; 000025891; 000041059; 000243099; 000048640; 000021744; 000027834; 000036627; 000039691;
17-06-26/23:00:00; 000025891; 000041059; 000243099; 000048640; 000021744; 000027834; 000036627; 000039691;
17-06-27/23:00:00; 000025891; 000041059; 000243099; 000048640; 000021744; 000027834; 000036627; 000039691;
17-06-28/23:00:00; 000025891; 000041059; 000243099; 000048640; 000021744; 000027834; 000036627; 000039691;
17-06-29/23:00:00; 000025891; 000041059; 000243099; 000048640; 000021744; 000027834; 000036627; 000039691;
17-06-30/23:00:00; 000025891; 000041059; 000243099; 000048640; 000021744; 000027834; 000036627; 000039691;
17-07-01/23:00:00; 000025891; 000041059; 000243099; 000048640; 000021744; 000027834; 000036627; 000039691;
17-07-02/23:00:00; 000025891; 000041059; 000243099; 000048640; 000021744; 000027834; 000036627; 000039691;
17-07-03/23:00:00; 000025891; 000041059; 000243099; 000048640; 000021744; 000027834; 000036627; 000039691;
17-07-04/23:00:00; 000025891; 000041059; 000243099; 000048640; 000021744; 000027834; 000036627; 000039691;
17-07-05/23:00:00; 000025891; 000041059; 000243099; 000048640; 000021744; 000027834; 000036627; 000039691;
17-07-06/23:00:00; 000025891; 000041059; 000243099; 000048640; 000021744; 000027834; 000036627; 000039691;
17-07-07/23:00:00; 000025891; 000041059; 000243099; 000048640; 000021744; 000027834; 000036627; 000039691;
17-07-08/23:00:00; 000025891; 000041059; 000243099; 000048640; 000021744; 000027834; 000036627; 000039691;
17-07-09/23:00:01; 000025891; 000041059; 000243099; 000048640; 000021744; 000027834; 000036627; 000039691;
17-07-10/23:00:00; 000025891; 000041059; 000243099; 000048640; 000021744; 000027834; 000036627; 000039691;
17-07-11/23:00:00; 000025891; 000041059; 000243099; 000048640; 000021744; 000027834; 000036627; 000039691;
17-07-12/23:00:00; 000025891; 000041059; 000243099; 000048640; 000021744; 000027834; 000036627; 000039691;
17-07-13/23:00:00; 000025891; 000041059; 000243099; 000048640; 000021744; 000027834; 000036627; 000039691;
17-07-14/23:00:00; 000025891; 000041059; 000243099; 000048640; 000021744; 000027834; 000036627; 000039691;
17-07-15/23:00:00; 000025891; 000041059; 000243099; 000048640; 000021744; 000027834; 000036627; 000039691;
17-07-16/23:00:00; 000025891; 000041059; 000243099; 000048640; 000021744; 000027834; 000036627; 000039691;
17-07-17/23:00:00; 000025891; 000041059; 000243099; 000048640; 000021744; 000027834; 000036627; 000039691;
17-07-18/23:00:00; 000025891; 000041059; 000243099; 000048640; 000021744; 000027834; 000036627; 000039691;
17-07-19/23:00:00; 000025891; 000041059; 000243099; 000048640; 000021744; 000027834; 000036627; 000039691;
17-07-20/23:00:01; 000025891; 000041059; 000243099; 000048640; 000021744; 000027834; 000036627; 000039691;
17-07-21/23:00:00; 000025891; 000041059; 000243099; 000048640; 000021744; 000027834; 000036627; 000039691;
17-07-22/23:00:00; 000025891; 000041059; 000243099; 000048640; 000021744; 000027834; 000036627; 000039691;
17-07-23/23:00:00; 000025891; 000041059; 000243099; 000048640; 000021744; 000027834; 000036627; 000039691;
17-07-24/23:00:00; 000025891; 000041059; 000243099; 000048640; 000021744; 000027834; 000036627; 000039691;
17-07-25/23:00:00; 000025891; 000041059; 000243099; 000048640; 000021744; 000027834; 000036627; 000039691;
17-07-26/23:00:00; 000025891; 000041059; 000243099; 000048640; 000021744; 000027834; 000036627; 000039691;
17-07-27/23:00:00; 000025891; 000041059; 000243099; 000048640; 000021744; 000027834; 000036627; 000039691;
17-07-28/23:00:00; 000025891; 000041059; 000243099; 000048640; 000021744; 000027834; 000036627; 000039691;
17-07-29/23:00:00; 000025891; 000041059; 000243099; 000048640; 000021744; 000027834; 000036627; 000039691;
17-07-30/23:00:00; 000025891; 000041059; 000243099; 000048640; 000021744; 000027834; 000036627; 000039691;
17-07-31/23:00:00; 000025891; 000041059; 000243099; 000048640; 000021744; 000027834; 000036627; 000039691;
17-08-01/23:00:00; 000025891; 000041059; 000243099; 000048640; 000021744; 000027834; 000036627; 000039691;
17-08-02/23:00:00; 000025891; 000041059; 000243099; 000048640; 000021744; 000027834; 000036627; 000039691;
17-08-03/23:00:00; 000025891; 000041059; 000243099; 000048640; 000021744; 000027834; 000036627; 000039691;
17-08-04/23:00:00; 000025891; 000041059; 000243099; 000048640; 000021744; 000027834; 000036627; 000039691;
17-08-05/23:00:00; 000025891; 000041059; 000243099; 000048640; 000021744; 000027834; 000036627; 000039691;
17-08-06/23:00:00; 000025891; 000041059; 000243099; 000048640; 000021744; 000027834; 000036627; 000039691;
17-08-07/23:00:00; 000025891; 000041059; 000243099; 000048640; 000021744; 000027834; 000036627; 000039691;
17-08-08/23:00:00; 000025891; 000041059; 000243099; 000048640; 000021744; 000027834; 000036627; 000039691;
17-08-09/23:00:00; 000025891; 000041059; 000243099; 000048640; 000021744; 000027834; 000036627; 000039691;
17-08-10/23:00:00; 000025891; 000041059; 000243099; 000048640; 000021744; 000027834; 000036627; 000039691;
17-08-11/23:00:00; 000025891; 000041059; 000243099; 000048640; 000021744; 000027834; 000036627; 000039691;
17-08-12/23:00:00; 000025891; 000041059; 000243099; 000048640; 000021744; 000027834; 000036627; 000039691;
17-08-13/23:00:00; 000025891; 000041059; 000243099; 000048640; 000021744; 000027834; 000036627; 000039691;
17-08-14/23:00:00; 000025891; 000041059; 000243099; 000048640; 000021744; 000027834; 000036627; 000039691;
17-08-15/23:00:00; 000025891; 000041059; 000243099; 000048640; 000021744; 000027834; 000036627; 000039691;
17-08-16/23:00:00; 000025891; 000041059; 000243099; 000048640; 000021744; 000027834; 000036627; 000039691;
17-08-17/23:00:00; 000025891; 000041059; 000243099; 000048640; 000021744; 000027834; 000036627; 000039691;
17-08-18/23:00:00; 000025891; 000041059; 000243099; 000048640; 000021744; 000027834; 000036627; 000039691;
17-08-19/23:00:00; 000025891; 000041059; 000243099; 000048640; 000021744; 000027834; 000036627; 000039691;
17-08-20/23:00:00; 000025891; 000041059; 000243099; 000048640; 000021744; 000027834; 000036627; 000039691;
17-08-21/23:00:00; 000025891; 000041059; 000243099; 000048640; 000021744; 000027834; 000036627; 000039691;
17-08-22/23:00:00; 000025891; 000041059; 000243099; 000048640; 000021744; 000027834; 000036627; 000039691;
17-08-23/23:00:00; 000025891; 000041059; 000243099; 000048640; 000021744; 000027834; 000036627; 000039691;
17-08-24/23:00:00; 000025891; 000041059; 000243099; 000048640; 000021744; 000027834; 000036627; 000039691;
17-08-25/23:00:00; 000025891; 000041059; 000243099; 000048640; 000021744; 000027834; 000036627; 000039691;
17-08-26/23:00:00; 000025891; 000041059; 000243099; 000048640; 000021744; 000027834; 000036627; 000039691;
17-08-27/23:00:00; 000025891; 000041059; 000243099; 000048640; 000021744; 000027834; 000036627; 000039691;
17-08-28/23:00:00; 000025891; 000041059; 000243099; 000048640; 000021744; 000027834; 000036627; 000039691;
17-08-29/23:00:00; 000025891; 000041059; 000243099; 000048640; 000021744; 000027834; 000036627; 000039691;
17-08-30/23:00:00; 000025891; 000041059; 000243099; 000048640; 000021744; 000027834; 000036627; 000039691;
17-08-31/23:00:00; 000025891; 000041059; 000243099; 000048640; 000021744; 000027834; 000036627; 000039691;
17-09-01/23:00:00; 000025891; 000041059; 000243099; 000048640; 000021744; 000027834; 000036627; 000039691;
17-09-02/23:00:00; 000025891; 000041059; 000243099; 000048640; 000021744; 000027834; 000036627; 000039691;
17-09-03/23:00:00; 000025891; 000041059; 000243099; 000048640; 000021744; 000027834; 000036627; 000039691;
17-09-04/23:00:00; 000025891; 000041059; 000243099; 000048640; 000021744; 000027834; 000036627; 000039691;
17-09-05/23:00:00; 000025891; 000041059; 000243099; 000048640; 000021744; 000027834; 000036627; 000039691;
17-09-06/23:00:00; 000025891; 000041059; 000243099; 000048640; 000021744; 000027834; 000036627; 000039691;
17-09-07/23:00:00; 000025891; 000041059; 000243099; 000048640; 000021744; 000027834; 000036627; 000039691;
17-09-08/23:00:00; 000025891; 000041059; 000243099; 000048640; 000021744; 000027834; 000036627; 000039691;
17-09-09/23:00:00; 000025891; 000041059; 000243099; 000048640; 000021744; 000027834; 000036627; 000039691;
17-09-10/23:00:01; 000025891; 000041059; 000243099; 000048640; 000021744; 000027834; 000036627; 000039691;
17-09-11/23:00:00; 000025891; 000041059; 000243099; 000048640; 000021744; 000027834; 000036627; 000039691;
17-09-12/23:00:00; 000025891; 000041059; 000243099; 000048640; 000021744; 000027834; 000036627; 000039691;
17-09-13/23:00:00; 000025891; 000041059; 000243099; 000048640; 000021744; 000027834; 000036627; 000039691;
17-09-14/23:00:00; 000025893; 000041062; 000243102; 000048641; 000021746; 000027836; 000036629; 000039693;
17-09-15/23:00:00; 000025895; 000041067; 000243106; 000048643; 000021748; 000027840; 000036631; 000039697;
17-09-16/23:00:00; 000025895; 000041067; 000243106; 000048643; 000021748; 000027840; 000036631; 000039697;
17-09-17/23:00:00; 000025895; 000041068; 000243107; 000048643; 000021749; 000027841; 000036632; 000039697;
17-09-18/23:00:00; 000025899; 000041074; 000243112; 000048645; 000021752; 000027846; 000036636; 000039703;
17-09-19/23:00:00; 000025903; 000041081; 000243117; 000048646; 000021756; 000027851; 000036640; 000039708;
17-09-20/23:00:00; 000025906; 000041087; 000243123; 000048647; 000021759; 000027855; 000036644; 000039713;
17-09-21/23:00:00; 000025909; 000041090; 000243126; 000048648; 000021761; 000027858; 000036647; 000039716;
17-09-22/23:00:00; 000025910; 000041093; 000243128; 000048649; 000021763; 000027860; 000036649; 000039718;
17-09-23/23:00:00; 000025910; 000041093; 000243128; 000048649; 000021763; 000027860; 000036649; 000039718;
17-09-24/23:00:00; 000025910; 000041093; 000243128; 000048649; 000021763; 000027860; 000036649; 000039718;
17-09-25/23:00:00; 000025912; 000041095; 000243130; 000048650; 000021764; 000027861; 000036651; 000039719;
17-09-26/23:00:00; 000025913; 000041097; 000243132; 000048650; 000021766; 000027863; 000036653; 000039721;
17-09-27/23:00:00; 000025915; 000041099; 000243134; 000048652; 000021767; 000027865; 000036655; 000039723;
17-09-28/23:00:00; 000025916; 000041101; 000243135; 000048653; 000021768; 000027866; 000036657; 000039724;
17-09-29/23:00:00; 000025917; 000041102; 000243136; 000048654; 000021769; 000027867; 000036658; 000039725;
17-09-30/23:00:00; 000025917; 000041102; 000243136; 000048654; 000021769; 000027867; 000036658; 000039725;
17-10-01/23:00:00; 000025917; 000041102; 000243136; 000048654; 000021769; 000027867; 000036658; 000039725;
17-10-02/23:00:00; 000025919; 000041105; 000243139; 000048655; 000021771; 000027869; 000036661; 000039727;
17-10-03/23:00:00; 000025920; 000041107; 000243141; 000048656; 000021772; 000027870; 000036664; 000039729;
17-10-04/23:00:00; 000025923; 000041112; 000243144; 000048657; 000021775; 000027873; 000036667; 000039733;
17-10-05/23:00:00; 000025926; 000041116; 000243148; 000048658; 000021776; 000027876; 000036668; 000039736;
17-10-06/23:00:01; 000025929; 000041121; 000243152; 000048660; 000021778; 000027879; 000036669; 000039741;
17-10-07/23:00:00; 000025929; 000041121; 000243152; 000048660; 000021778; 000027879; 000036669; 000039741;
17-10-08/23:00:00; 000025929; 000041121; 000243152; 000048660; 000021778; 000027879; 000036669; 000039741;
17-10-09/23:00:00; 000025932; 000041126; 000243157; 000048661; 000021780; 000027883; 000036669; 000039744;
17-10-10/23:00:00; 000025934; 000041129; 000243159; 000048663; 000021781; 000027885; 000036670; 000039747;
17-10-11/23:00:00; 000025936; 000041132; 000243162; 000048664; 000021782; 000027887; 000036672; 000039749;
17-10-12/23:00:00; 000025937; 000041135; 000243164; 000048664; 000021783; 000027888; 000036674; 000039751;
17-10-13/23:00:00; 000025938; 000041137; 000243166; 000048665; 000021784; 000027890; 000036676; 000039752;
17-10-14/23:00:00; 000025939; 000041138; 000243166; 000048665; 000021785; 000027890; 000036677; 000039752;
17-10-15/23:00:00; 000025939; 000041138; 000243166; 000048665; 000021785; 000027891; 000036678; 000039752;
17-10-16/23:00:00; 000025940; 000041140; 000243168; 000048666; 000021786; 000027892; 000036679; 000039754;
17-10-17/23:00:00; 000025941; 000041142; 000243170; 000048666; 000021787; 000027893; 000036682; 000039755;
17-10-18/23:00:00; 000025942; 000041144; 000243171; 000048667; 000021789; 000027894; 000036684; 000039757;
17-10-19/23:00:00; 000025944; 000041146; 000243172; 000048668; 000021790; 000027895; 000036686; 000039758;
17-10-20/23:00:00; 000025946; 000041150; 000243175; 000048669; 000021791; 000027898; 000036689; 000039761;
17-10-21/23:00:00; 000025946; 000041150; 000243175; 000048669; 000021791; 000027898; 000036689; 000039761;
17-10-22/23:00:00; 000025946; 000041150; 000243175; 000048669; 000021791; 000027898; 000036689; 000039761;
17-10-23/23:00:00; 000025950; 000041156; 000243181; 000048672; 000021794; 000027902; 000036695; 000039767;
17-10-24/23:00:00; 000025953; 000041160; 000243184; 000048673; 000021796; 000027905; 000036698; 000039770;
17-10-25/23:00:00; 000025955; 000041163; 000243186; 000048674; 000021798; 000027907; 000036701; 000039772;
17-10-26/23:00:00; 000025957; 000041167; 000243189; 000048675; 000021799; 000027910; 000036704; 000039776;
17-10-27/23:00:00; 000025960; 000041171; 000243193; 000048676; 000021801; 000027913; 000036708; 000039780;
17-10-28/23:00:00; 000025960; 000041171; 000243193; 000048676; 000021801; 000027913; 000036708; 000039780;
17-10-29/23:00:00; 000025960; 000041171; 000243193; 000048676; 000021802; 000027913; 000036708; 000039780;
17-10-30/23:00:00; 000025962; 000041175; 000243196; 000048677; 000021803; 000027915; 000036710; 000039782;
17-10-31/23:00:00; 000025965; 000041180; 000243200; 000048678; 000021805; 000027918; 000036713; 000039786;
17-11-01/23:00:00; 000025966; 000041184; 000243207; 000048678; 000021806; 000027919; 000036715; 000039787;
17-11-02/23:00:00; 000025972; 000041193; 000243215; 000048680; 000021810; 000027926; 000036722; 000039795;
17-11-03/23:00:00; 000025975; 000041198; 000243219; 000048682; 000021812; 000027930; 000036725; 000039800;
17-11-04/23:00:00; 000025975; 000041200; 000243221; 000048682; 000021813; 000027930; 000036725; 000039800;
17-11-05/23:00:00; 000025976; 000041200; 000243221; 000048682; 000021813; 000027930; 000036726; 000039800;
17-11-06/23:00:00; 000025984; 000041208; 000243228; 000048692; 000021819; 000027938; 000036733; 000039812;
17-11-07/23:00:00; 000025993; 000041222; 000243240; 000048703; 000021827; 000027947; 000036746; 000039827;
17-11-08/23:00:00; 000026002; 000041234; 000243250; 000048714; 000021834; 000027955; 000036758; 000039838;
17-11-09/23:00:00; 000026009; 000041244; 000243259; 000048725; 000021839; 000027961; 000036767; 000039847;
17-11-10/23:00:00; 000026014; 000041251; 000243265; 000048736; 000021843; 000027966; 000036774; 000039853;
17-11-11/23:00:00; 000026014; 000041251; 000243265; 000048736; 000021843; 000027966; 000036774; 000039853;
17-11-12/23:00:00; 000026014; 000041252; 000243265; 000048736; 000021843; 000027966; 000036775; 000039853;
17-11-13/23:00:00; 000026023; 000041263; 000243275; 000048748; 000021850; 000027974; 000036786; 000039864;
17-11-14/23:00:00; 000026032; 000041275; 000243285; 000048760; 000021856; 000027982; 000036798; 000039876;
17-11-15/23:00:00; 000026039; 000041285; 000243295; 000048772; 000021861; 000027989; 000036807; 000039885;
17-11-16/23:00:00; 000026046; 000041296; 000243303; 000048784; 000021866; 000027995; 000036816; 000039894;
17-11-17/23:00:00; 000026053; 000041305; 000243312; 000048799; 000021872; 000028002; 000036825; 000039902;
17-11-18/23:00:00; 000026055; 000041310; 000243316; 000048807; 000021874; 000028004; 000036828; 000039905;
17-11-19/23:00:00; 000026057; 000041313; 000243318; 000048817; 000021876; 000028007; 000036831; 000039907;
17-11-20/23:00:00; 000026064; 000041325; 000243328; 000048830; 000021884; 000028015; 000036842; 000039917;
17-11-21/23:00:00; 000026071; 000041334; 000243337; 000048845; 000021890; 000028022; 000036852; 000039924;
17-11-22/23:00:00; 000026078; 000041342; 000243343; 000048860; 000021896; 000028027; 000036861; 000039930;
17-11-23/23:00:00; 000026084; 000041347; 000243348; 000048873; 000021900; 000028032; 000036869; 000039935;
17-11-24/23:00:00; 000026092; 000041355; 000243355; 000048887; 000021905; 000028037; 000036878; 000039941;
17-11-25/23:00:00; 000026095; 000041357; 000243357; 000048899; 000021908; 000028040; 000036881; 000039943;
17-11-26/23:00:00; 000026099; 000041361; 000243361; 000048912; 000021912; 000028043; 000036886; 000039945;
17-11-27/23:00:00; 000026110; 000041373; 000243371; 000048925; 000021920; 000028049; 000036894; 000039956;
17-11-28/23:00:00; 000026119; 000041383; 000243380; 000048935; 000021926; 000028055; 000036902; 000039966;
17-11-29/23:00:00; 000026129; 000041396; 000243391; 000048946; 000021934; 000028063; 000036915; 000039978;
17-11-30/23:00:00; 000026140; 000041412; 000243405; 000048955; 000021942; 000028073; 000036929; 000039992;
17-12-01/23:00:00; 000026152; 000041429; 000243419; 000048965; 000021950; 000028083; 000036944; 000040007;
17-12-02/23:00:00; 000026160; 000041441; 000243429; 000048971; 000021955; 000028090; 000036954; 000040020;
17-12-03/23:00:00; 000026169; 000041453; 000243439; 000048977; 000021960; 000028098; 000036965; 000040033;
17-12-04/23:00:00; 000026179; 000041467; 000243451; 000048989; 000021968; 000028107; 000036978; 000040044;
17-12-05/23:00:00; 000026188; 000041480; 000243462; 000049000; 000021976; 000028116; 000036990; 000040052;
17-12-06/23:00:00; 000026197; 000041494; 000243474; 000049010; 000021983; 000028124; 000037002; 000040060;
17-12-07/23:00:00; 000026207; 000041510; 000243487; 000049022; 000021991; 000028133; 000037015; 000040071;
17-12-08/23:00:00; 000026216; 000041526; 000243501; 000049032; 000021999; 000028142; 000037028; 000040080;
17-12-09/23:00:00; 000026222; 000041537; 000243509; 000049039; 000022003; 000028145; 000037032; 000040081;
17-12-10/23:00:00; 000026228; 000041544; 000243515; 000049051; 000022006; 000028146; 000037032; 000040082;
17-12-11/23:00:00; 000026238; 000041557; 000243527; 000049064; 000022013; 000028154; 000037037; 000040088;
17-12-12/23:00:00; 000026246; 000041574; 000243541; 000049075; 000022022; 000028163; 000037046; 000040097;
17-12-13/23:00:00; 000026251; 000041587; 000243553; 000049089; 000022029; 000028170; 000037055; 000040103;
17-12-14/23:00:00; 000026259; 000041600; 000243564; 000049102; 000022037; 000028180; 000037068; 000040114;
17-12-15/23:00:00; 000026267; 000041614; 000243576; 000049113; 000022044; 000028190; 000037083; 000040124;
17-12-16/23:00:01; 000026272; 000041623; 000243583; 000049123; 000022048; 000028196; 000037090; 000040131;
17-12-17/23:00:00; 000026277; 000041630; 000243590; 000049134; 000022053; 000028201; 000037097; 000040139;
17-12-18/23:00:00; 000026286; 000041642; 000243600; 000049147; 000022060; 000028211; 000037110; 000040148;
17-12-19/23:00:00; 000026295; 000041658; 000243614; 000049158; 000022069; 000028222; 000037126; 000040158;
17-12-20/23:00:00; 000026303; 000041670; 000243624; 000049171; 000022075; 000028232; 000037139; 000040166;
17-12-21/23:00:00; 000026309; 000041678; 000243632; 000049186; 000022081; 000028239; 000037150; 000040173;
17-12-22/23:00:00; 000026315; 000041687; 000243639; 000049200; 000022087; 000028247; 000037160; 000040180;
17-12-23/23:00:00; 000026317; 000041690; 000243642; 000049210; 000022088; 000028249; 000037164; 000040185;
17-12-24/23:00:00; 000026319; 000041692; 000243644; 000049222; 000022090; 000028252; 000037168; 000040190;
17-12-25/23:00:01; 000026322; 000041695; 000243646; 000049232; 000022092; 000028255; 000037173; 000040196;
17-12-26/23:00:00; 000026326; 000041698; 000243649; 000049243; 000022095; 000028258; 000037177; 000040202;
17-12-27/23:00:00; 000026328; 000041701; 000243652; 000049254; 000022096; 000028261; 000037182; 000040207;
17-12-28/23:00:00; 000026331; 000041704; 000243654; 000049264; 000022098; 000028264; 000037186; 000040211;
17-12-29/23:00:00; 000026334; 000041708; 000243657; 000049274; 000022100; 000028267; 000037191; 000040215;
17-12-30/23:00:00; 000026336; 000041710; 000243659; 000049287; 000022101; 000028269; 000037194; 000040218;
17-12-31/23:00:01; 000026337; 000041713; 000243662; 000049299; 000022103; 000028272; 000037198; 000040221;
18-01-01/23:00:00; 000026340; 000041716; 000243664; 000049311; 000022105; 000028275; 000037203; 000040224;
18-01-02/23:00:00; 000026351; 000041728; 000243675; 000049324; 000022113; 000028286; 000037215; 000040234;
18-01-03/23:00:01; 000026361; 000041738; 000243684; 000049339; 000022121; 000028297; 000037227; 000040242;
18-01-04/23:00:00; 000026369; 000041746; 000243691; 000049354; 000022127; 000028305; 000037237; 000040248;
18-01-05/23:00:00; 000026377; 000041755; 000243699; 000049369; 000022134; 000028314; 000037248; 000040256;
18-01-06/23:00:00; 000026383; 000041758; 000243702; 000049377; 000022135; 000028317; 000037252; 000040261;
18-01-07/23:00:00; 000026389; 000041760; 000243704; 000049386; 000022137; 000028320; 000037257; 000040265;
18-01-08/23:00:00; 000026400; 000041771; 000243714; 000049399; 000022145; 000028330; 000037269; 000040274;
18-01-09/23:00:00; 000026408; 000041783; 000243725; 000049411; 000022153; 000028340; 000037281; 000040283;
18-01-10/23:00:00; 000026416; 000041795; 000243736; 000049424; 000022160; 000028348; 000037292; 000040292;
18-01-11/23:00:00; 000026424; 000041806; 000243746; 000049437; 000022167; 000028357; 000037303; 000040301;
18-01-12/23:00:00; 000026431; 000041817; 000243757; 000049449; 000022174; 000028366; 000037315; 000040310;
18-01-13/23:00:00; 000026437; 000041823; 000243763; 000049459; 000022179; 000028370; 000037321; 000040316;
18-01-14/23:00:01; 000026443; 000041828; 000243767; 000049469; 000022183; 000028373; 000037325; 000040322;
18-01-15/23:00:01; 000026452; 000041841; 000243779; 000049482; 000022189; 000028382; 000037336; 000040333;
18-01-16/23:00:00; 000026459; 000041852; 000243790; 000049494; 000022195; 000028390; 000037346; 000040344;
18-01-17/23:00:00; 000026467; 000041864; 000243801; 000049506; 000022201; 000028400; 000037358; 000040357;
18-01-18/23:00:01; 000026474; 000041874; 000243811; 000049521; 000022206; 000028408; 000037368; 000040368;
18-01-19/23:00:01; 000026483; 000041885; 000243822; 000049533; 000022212; 000028417; 000037379; 000040379;
18-01-20/23:00:00; 000026488; 000041890; 000243826; 000049544; 000022214; 000028421; 000037385; 000040386;
18-01-21/23:00:00; 000026493; 000041893; 000243829; 000049555; 000022216; 000028424; 000037389; 000040391;
18-01-22/23:00:00; 000026500; 000041903; 000243838; 000049570; 000022221; 000028432; 000037400; 000040401;
18-01-23/23:00:01; 000026508; 000041914; 000243849; 000049585; 000022227; 000028440; 000037410; 000040411;
18-01-24/23:00:00; 000026513; 000041923; 000243858; 000049601; 000022232; 000028446; 000037419; 000040419;
18-01-25/23:00:00; 000026521; 000041934; 000243869; 000049615; 000022238; 000028454; 000037429; 000040429;
18-01-26/23:00:00; 000026528; 000041946; 000243880; 000049629; 000022244; 000028462; 000037440; 000040439;
18-01-27/23:00:00; 000026534; 000041954; 000243886; 000049637; 000022248; 000028467; 000037446; 000040447;
18-01-28/23:00:00; 000026538; 000041958; 000243890; 000049649; 000022250; 000028469; 000037451; 000040452;
18-01-29/23:00:00; 000026546; 000041969; 000243901; 000049663; 000022256; 000028478; 000037462; 000040463;
18-01-30/23:00:00; 000026553; 000041979; 000243911; 000049679; 000022262; 000028486; 000037473; 000040472;
18-01-31/23:00:01; 000026561; 000041989; 000243921; 000049693; 000022268; 000028494; 000037484; 000040483;
18-02-01/23:00:01; 000026571; 000042003; 000243933; 000049705; 000022275; 000028504; 000037497; 000040496;
18-02-02/23:00:00; 000026577; 000042011; 000243940; 000049712; 000022280; 000028510; 000037508; 000040505;
18-02-03/23:00:00; 000026583; 000042019; 000243947; 000049722; 000022284; 000028515; 000037515; 000040514;
18-02-04/23:00:00; 000026588; 000042026; 000243953; 000049730; 000022288; 000028521; 000037522; 000040519;
18-02-05/23:00:00; 000026602; 000042045; 000243970; 000049739; 000022298; 000028534; 000037540; 000040530;
18-02-06/23:00:00; 000026615; 000042064; 000243986; 000049748; 000022308; 000028548; 000037558; 000040543;
18-02-07/23:00:00; 000026628; 000042083; 000244003; 000049757; 000022319; 000028562; 000037576; 000040557;
18-02-08/23:00:00; 000026640; 000042100; 000244018; 000049766; 000022329; 000028575; 000037594; 000040569;
18-02-09/23:00:00; 000026652; 000042118; 000244035; 000049775; 000022340; 000028589; 000037612; 000040582;
18-02-10/23:00:00; 000026660; 000042129; 000244044; 000049785; 000022345; 000028597; 000037622; 000040590;
18-02-11/23:00:00; 000026667; 000042136; 000244051; 000049795; 000022349; 000028603; 000037628; 000040597;
18-02-12/23:00:00; 000026678; 000042150; 000244064; 000049806; 000022359; 000028614; 000037644; 000040609;
18-02-13/23:00:00; 000026689; 000042165; 000244077; 000049816; 000022369; 000028626; 000037661; 000040624;
18-02-14/23:00:00; 000026700; 000042178; 000244090; 000049826; 000022377; 000028636; 000037675; 000040638;
18-02-15/23:00:00; 000026708; 000042188; 000244100; 000049840; 000022384; 000028644; 000037686; 000040648;
18-02-16/23:00:00; 000026717; 000042200; 000244110; 000049852; 000022391; 000028652; 000037698; 000040658;
18-02-17/23:00:00; 000026722; 000042206; 000244116; 000049862; 000022394; 000028655; 000037703; 000040664;
18-02-18/23:00:00; 000026729; 000042213; 000244123; 000049873; 000022398; 000028661; 000037711; 000040673;
18-02-19/23:00:00; 000026740; 000042228; 000244136; 000049884; 000022406; 000028671; 000037725; 000040687;
18-02-20/23:00:00; 000026749; 000042241; 000244149; 000049895; 000022414; 000028680; 000037738; 000040698;
18-02-21/23:00:00; 000026760; 000042256; 000244162; 000049904; 000022423; 000028690; 000037754; 000040712;
18-02-22/23:00:00; 000026770; 000042271; 000244176; 000049913; 000022432; 000028701; 000037770; 000040727;
18-02-23/23:00:00; 000026782; 000042288; 000244191; 000049922; 000022443; 000028713; 000037787; 000040742;
18-02-24/23:00:00; 000026793; 000042306; 000244208; 000049931; 000022454; 000028726; 000037806; 000040757;
18-02-25/23:00:00; 000026805; 000042325; 000244225; 000049937; 000022465; 000028737; 000037824; 000040773;
18-02-26/23:00:00; 000026818; 000042346; 000244243; 000049944; 000022477; 000028750; 000037848; 000040789;
18-02-27/23:00:00; 000026833; 000042369; 000244264; 000049950; 000022490; 000028766; 000037877; 000040807;
18-02-28/23:00:00; 000026840; 000042380; 000244273; 000049953; 000022496; 000028773; 000037888; 000040815;
18-03-01/23:00:00; 000026855; 000042402; 000244293; 000049962; 000022506; 000028788; 000037915; 000040831;
18-03-02/23:00:00; 000026867; 000042419; 000244308; 000049975; 000022516; 000028800; 000037937; 000040843;
18-03-03/23:00:00; 000026877; 000042433; 000244321; 000049987; 000022525; 000028810; 000037955; 000040853;
18-03-04/23:00:00; 000026886; 000042447; 000244334; 000049998; 000022534; 000028820; 000037972; 000040861;
18-03-05/23:00:00; 000026893; 000042459; 000244345; 000050012; 000022541; 000028828; 000037987; 000040869;
18-03-06/23:00:00; 000026900; 000042472; 000244357; 000050027; 000022548; 000028836; 000038002; 000040878;
18-03-07/23:00:00; 000026908; 000042487; 000244370; 000050040; 000022555; 000028845; 000038019; 000040887;
18-03-08/23:00:00; 000026915; 000042502; 000244384; 000050052; 000022562; 000028854; 000038036; 000040897;
18-03-09/23:00:00; 000026921; 000042513; 000244394; 000050066; 000022568; 000028861; 000038051; 000040903;
18-03-10/23:00:00; 000026923; 000042520; 000244401; 000050076; 000022572; 000028865; 000038059; 000040907;
18-03-11/23:00:00; 000026923; 000042520; 000244401; 000050076; 000022572; 000028865; 000038059; 000040907;
18-03-12/23:00:00; 000026930; 000042530; 000244410; 000050091; 000022579; 000028871; 000038071; 000040914;
18-03-13/23:00:00; 000026936; 000042541; 000244421; 000050104; 000022587; 000028876; 000038086; 000040922;
18-03-14/23:00:00; 000026943; 000042552; 000244430; 000050117; 000022593; 000028881; 000038101; 000040930;
18-03-15/23:00:00; 000026949; 000042562; 000244440; 000050131; 000022600; 000028885; 000038115; 000040937;
18-03-16/23:00:00; 000026954; 000042573; 000244450; 000050144; 000022606; 000028889; 000038129; 000040945;
18-03-17/23:00:00; 000026963; 000042587; 000244460; 000050153; 000022611; 000028897; 000038145; 000040954;
18-03-18/23:00:00; 000026973; 000042602; 000244473; 000050160; 000022617; 000028907; 000038166; 000040967;
18-03-19/23:00:00; 000026983; 000042617; 000244487; 000050168; 000022625; 000028919; 000038190; 000040980;
18-03-20/23:00:00; 000026992; 000042631; 000244499; 000050179; 000022633; 000028931; 000038212; 000040992;
18-03-21/23:00:00; 000027001; 000042644; 000244511; 000050189; 000022642; 000028940; 000038233; 000041003;
18-03-22/23:00:00; 000027008; 000042657; 000244522; 000050201; 000022651; 000028949; 000038253; 000041013;
18-03-23/23:00:00; 000027015; 000042669; 000244533; 000050213; 000022659; 000028957; 000038272; 000041022;
18-03-24/23:00:00; 000027021; 000042679; 000244543; 000050226; 000022665; 000028964; 000038286; 000041028;
18-03-25/23:00:00; 000027025; 000042688; 000244551; 000050235; 000022671; 000028969; 000038299; 000041034;
18-03-26/23:00:00; 000027030; 000042696; 000244559; 000050249; 000022678; 000028975; 000038315; 000041041;
18-03-27/23:00:00; 000027035; 000042705; 000244567; 000050262; 000022685; 000028981; 000038330; 000041048;
18-03-28/23:00:00; 000027040; 000042714; 000244576; 000050275; 000022692; 000028987; 000038344; 000041055;
18-03-29/23:00:00; 000027045; 000042724; 000244584; 000050286; 000022699; 000028994; 000038359; 000041063;
18-03-30/23:00:00; 000027051; 000042733; 000244593; 000050299; 000022707; 000029001; 000038374; 000041072;
18-03-31/23:00:00; 000027057; 000042742; 000244602; 000050310; 000022713; 000029007; 000038384; 000041078;
18-04-01/23:00:00; 000027063; 000042751; 000244610; 000050322; 000022720; 000029014; 000038394; 000041084;
18-04-02/23:00:00; 000027066; 000042756; 000244615; 000050330; 000022724; 000029018; 000038403; 000041088;
18-04-03/23:00:00; 000027071; 000042763; 000244622; 000050343; 000022730; 000029023; 000038416; 000041094;
18-04-04/23:00:00; 000027076; 000042771; 000244629; 000050356; 000022736; 000029029; 000038428; 000041101;
18-04-05/23:00:00; 000027081; 000042779; 000244637; 000050367; 000022743; 000029035; 000038439; 000041108;
18-04-06/23:00:00; 000027085; 000042784; 000244641; 000050375; 000022748; 000029039; 000038445; 000041113;
18-04-07/23:00:00; 000027086; 000042786; 000244642; 000050379; 000022749; 000029041; 000038447; 000041114;
18-04-08/23:00:00; 000027086; 000042786; 000244642; 000050379; 000022749; 000029041; 000038447; 000041114;
18-04-09/23:00:00; 000027089; 000042792; 000244648; 000050392; 000022756; 000029046; 000038457; 000041120;
18-04-10/23:00:00; 000027092; 000042796; 000244652; 000050400; 000022760; 000029049; 000038462; 000041123;
18-04-11/23:00:00; 000027093; 000042798; 000244654; 000050406; 000022763; 000029051; 000038463; 000041125;
18-04-12/23:00:00; 000027097; 000042803; 000244658; 000050417; 000022768; 000029055; 000038471; 000041130;
18-04-13/23:00:00; 000027099; 000042807; 000244662; 000050426; 000022773; 000029059; 000038476; 000041134;
18-04-14/23:00:00; 000027099; 000042807; 000244662; 000050426; 000022773; 000029059; 000038476; 000041134;
18-04-15/23:00:00; 000027099; 000042807; 000244662; 000050426; 000022773; 000029059; 000038477; 000041134;
18-04-16/23:00:00; 000027104; 000042814; 000244668; 000050438; 000022779; 000029064; 000038484; 000041139;
18-04-17/23:00:00; 000027107; 000042818; 000244672; 000050443; 000022783; 000029067; 000038489; 000041142;
18-04-18/23:00:00; 000027108; 000042820; 000244674; 000050446; 000022785; 000029068; 000038491; 000041144;
18-04-19/23:00:00; 000027109; 000042821; 000244675; 000050449; 000022787; 000029070; 000038494; 000041145;
18-04-20/23:00:00; 000027109; 000042821; 000244675; 000050449; 000022787; 000029070; 000038494; 000041145;
18-04-21/23:00:00; 000027109; 000042821; 000244675; 000050449; 000022787; 000029070; 000038494; 000041145;
18-04-22/23:00:00; 000027109; 000042821; 000244675; 000050449; 000022787; 000029070; 000038494; 000041145;
18-04-23/23:00:00; 000027110; 000042823; 000244677; 000050451; 000022789; 000029071; 000038495; 000041147;
18-04-24/23:00:00; 000027110; 000042824; 000244678; 000050456; 000022791; 000029073; 000038499; 000041149;
18-04-25/23:00:00; 000027114; 000042829; 000244681; 000050468; 000022797; 000029077; 000038506; 000041155;
18-04-26/23:00:00; 000027117; 000042835; 000244687; 000050481; 000022804; 000029082; 000038514; 000041161;
18-04-27/23:00:00; 000027120; 000042839; 000244691; 000050487; 000022808; 000029085; 000038519; 000041165;
18-04-28/23:00:00; 000027120; 000042839; 000244691; 000050487; 000022808; 000029085; 000038519; 000041165;
18-04-29/23:00:00; 000027120; 000042839; 000244691; 000050487; 000022808; 000029085; 000038519; 000041165;
18-04-30/23:00:00; 000027120; 000042839; 000244691; 000050487; 000022808; 000029085; 000038519; 000041165;
18-05-01/23:00:00; 000027121; 000042839; 000244691; 000050487; 000022808; 000029085; 000038519; 000041165;
18-05-02/23:00:00; 000027125; 000042846; 000244697; 000050492; 000022811; 000029088; 000038525; 000041169;
18-05-03/23:00:00; 000027130; 000042852; 000244702; 000050501; 000022816; 000029092; 000038531; 000041174;
18-05-04/23:00:00; 000027134; 000042855; 000244705; 000050509; 000022820; 000029095; 000038536; 000041179;
18-05-05/23:00:00; 000027134; 000042855; 000244705; 000050509; 000022820; 000029095; 000038536; 000041179;
18-05-06/23:00:00; 000027134; 000042855; 000244705; 000050509; 000022820; 000029095; 000038536; 000041179;
18-05-07/23:00:00; 000027134; 000042855; 000244705; 000050509; 000022820; 000029095; 000038536; 000041179;
18-05-08/23:00:10; 000027134; 000042855; 000244705; 000050509; 000022821; 000029095; 000038536; 000041179;
18-05-09/23:00:09; 000027136; 000042857; 000244706; 000050519; 000022823; 000029096; 000038540; 000041181;
18-05-10/23:00:10; 000027136; 000042857; 000244707; 000050521; 000022823; 000029096; 000038540; 000041182;
18-05-11/23:00:11; 000027139; 000042859; 000244709; 000050528; 000022827; 000029098; 000038544; 000041185;
18-05-12/23:00:10; 000027139; 000042859; 000244709; 000050528; 000022827; 000029098; 000038544; 000041185;
18-05-13/23:00:09; 000027139; 000042859; 000244709; 000050528; 000022827; 000029098; 000038544; 000041185;
18-05-14/23:00:10; 000027145; 000042864; 000244713; 000050538; 000022833; 000029101; 000038553; 000041191;
18-05-15/23:00:09; 000027147; 000042866; 000244715; 000050550; 000022836; 000029103; 000038558; 000041195;
18-05-16/23:00:00; 000027149; 000042867; 000244716; 000050558; 000022838; 000029104; 000038561; 000041197;
18-05-17/23:00:00; 000027151; 000042869; 000244718; 000050565; 000022841; 000029105; 000038566; 000041200;
18-05-18/23:00:00; 000027155; 000042872; 000244720; 000050573; 000022844; 000029107; 000038571; 000041204;
18-05-19/23:00:00; 000027155; 000042872; 000244720; 000050574; 000022844; 000029107; 000038571; 000041204;
18-05-20/23:00:00; 000027155; 000042872; 000244720; 000050574; 000022844; 000029107; 000038571; 000041204;
18-05-21/23:00:00; 000027155; 000042872; 000244720; 000050574; 000022844; 000029107; 000038571; 000041204;
18-05-22/23:00:00; 000027155; 000042872; 000244720; 000050574; 000022844; 000029107; 000038571; 000041204;
18-05-23/23:00:00; 000027155; 000042872; 000244720; 000050574; 000022844; 000029107; 000038571; 000041204;
18-05-24/23:00:00; 000027155; 000042872; 000244720; 000050574; 000022844; 000029107; 000038571; 000041204;
18-05-25/23:00:00; 000027155; 000042872; 000244720; 000050574; 000022844; 000029107; 000038571; 000041204;
18-05-26/23:00:00; 000027155; 000042872; 000244720; 000050574; 000022844; 000029107; 000038571; 000041204;
18-05-27/23:00:00; 000027155; 000042872; 000244720; 000050574; 000022844; 000029107; 000038571; 000041204;
18-05-28/23:00:00; 000027155; 000042872; 000244720; 000050574; 000022844; 000029107; 000038571; 000041204;
18-05-29/23:00:00; 000027155; 000042872; 000244720; 000050574; 000022844; 000029107; 000038571; 000041204;
18-05-30/23:00:00; 000027155; 000042872; 000244720; 000050574; 000022844; 000029107; 000038571; 000041204;
18-05-31/23:00:00; 000027155; 000042872; 000244720; 000050574; 000022844; 000029107; 000038571; 000041204;
18-06-01/23:00:00; 000027155; 000042872; 000244720; 000050574; 000022844; 000029107; 000038571; 000041204;
18-06-02/23:00:00; 000027155; 000042872; 000244720; 000050574; 000022844; 000029107; 000038571; 000041204;
18-06-03/23:00:00; 000027155; 000042872; 000244720; 000050574; 000022844; 000029107; 000038571; 000041204;
18-06-04/23:00:00; 000027155; 000042872; 000244720; 000050574; 000022844; 000029107; 000038571; 000041204;
18-06-05/23:00:00; 000027155; 000042872; 000244720; 000050574; 000022844; 000029107; 000038571; 000041204;
18-06-06/23:00:00; 000027155; 000042872; 000244720; 000050574; 000022844; 000029107; 000038571; 000041204;
18-06-07/23:00:00; 000027155; 000042872; 000244720; 000050574; 000022844; 000029107; 000038571; 000041204;
18-06-08/23:00:00; 000027155; 000042872; 000244720; 000050574; 000022844; 000029107; 000038571; 000041204;
18-06-09/23:00:00; 000027155; 000042872; 000244720; 000050574; 000022844; 000029107; 000038571; 000041204;
18-06-10/23:00:00; 000027155; 000042873; 000244720; 000050574; 000022844; 000029107; 000038571; 000041204;
18-06-11/23:00:00; 000027155; 000042873; 000244720; 000050574; 000022844; 000029107; 000038571; 000041204;
18-06-12/23:00:00; 000027155; 000042873; 000244720; 000050574; 000022844; 000029107; 000038571; 000041204;
18-06-13/23:00:00; 000027155; 000042873; 000244720; 000050574; 000022844; 000029107; 000038571; 000041204;
18-06-14/23:00:00; 000027155; 000042873; 000244720; 000050574; 000022844; 000029107; 000038571; 000041204;
18-06-15/23:00:00; 000027155; 000042873; 000244720; 000050574; 000022844; 000029107; 000038571; 000041204;
18-06-16/23:00:00; 000027155; 000042873; 000244720; 000050574; 000022844; 000029107; 000038571; 000041204;
18-06-17/23:00:00; 000027155; 000042873; 000244720; 000050574; 000022844; 000029107; 000038571; 000041204;
18-06-18/23:00:00; 000027155; 000042873; 000244720; 000050574; 000022844; 000029107; 000038571; 000041204;
18-06-19/23:00:00; 000027155; 000042873; 000244720; 000050574; 000022844; 000029107; 000038571; 000041204;
18-06-20/23:00:00; 000027155; 000042873; 000244720; 000050574; 000022844; 000029107; 000038571; 000041204;
18-06-21/23:00:00; 000027155; 000042873; 000244720; 000050574; 000022844; 000029107; 000038571; 000041204;
18-06-22/23:00:00; 000027155; 000042873; 000244720; 000050574; 000022844; 000029107; 000038571; 000041204;
18-06-23/23:00:00; 000027155; 000042873; 000244720; 000050574; 000022844; 000029107; 000038571; 000041204;
18-06-24/23:00:00; 000027155; 000042873; 000244720; 000050574; 000022844; 000029107; 000038571; 000041204;
18-06-25/23:00:00; 000027155; 000042873; 000244720; 000050574; 000022844; 000029107; 000038571; 000041204;
18-06-26/23:00:00; 000027155; 000042873; 000244720; 000050574; 000022844; 000029107; 000038571; 000041204;
18-06-27/23:00:00; 000027155; 000042873; 000244720; 000050574; 000022844; 000029107; 000038571; 000041204;
18-06-28/23:00:00; 000027155; 000042873; 000244720; 000050574; 000022844; 000029107; 000038571; 000041204;
18-06-29/23:00:00; 000027155; 000042873; 000244720; 000050574; 000022844; 000029107; 000038571; 000041204;
18-06-30/23:00:00; 000027155; 000042873; 000244720; 000050574; 000022844; 000029107; 000038571; 000041204;
18-07-01/23:00:00; 000027155; 000042873; 000244720; 000050574; 000022844; 000029107; 000038571; 000041204;
18-07-02/23:00:00; 000027155; 000042873; 000244720; 000050574; 000022844; 000029107; 000038571; 000041204;
18-07-03/23:00:00; 000027155; 000042873; 000244720; 000050574; 000022844; 000029107; 000038571; 000041204;
18-07-04/23:00:00; 000027155; 000042873; 000244720; 000050574; 000022844; 000029107; 000038571; 000041204;
18-07-05/23:00:00; 000027155; 000042873; 000244720; 000050574; 000022844; 000029107; 000038571; 000041204;
18-07-06/23:00:00; 000027155; 000042873; 000244720; 000050574; 000022844; 000029107; 000038571; 000041204;
18-07-07/23:00:00; 000027155; 000042873; 000244720; 000050574; 000022844; 000029107; 000038571; 000041204;
18-07-08/23:00:00; 000027155; 000042873; 000244720; 000050574; 000022844; 000029107; 000038571; 000041204;
18-07-09/23:00:00; 000027155; 000042873; 000244720; 000050574; 000022844; 000029107; 000038571; 000041204;
18-07-10/23:00:00; 000027155; 000042873; 000244720; 000050574; 000022844; 000029107; 000038571; 000041204;
18-07-11/23:00:00; 000027155; 000042873; 000244720; 000050574; 000022844; 000029107; 000038571; 000041204;
18-07-12/23:00:00; 000027155; 000042873; 000244720; 000050574; 000022844; 000029107; 000038571; 000041204;
18-07-13/23:00:00; 000027155; 000042873; 000244720; 000050574; 000022844; 000029107; 000038571; 000041204;
18-07-14/23:00:00; 000027155; 000042873; 000244720; 000050574; 000022844; 000029107; 000038571; 000041204;
18-07-15/23:00:00; 000027155; 000042873; 000244720; 000050574; 000022844; 000029107; 000038571; 000041204;
18-07-16/23:00:00; 000027155; 000042873; 000244720; 000050574; 000022844; 000029107; 000038571; 000041204;
18-07-17/23:00:00; 000027155; 000042873; 000244720; 000050574; 000022844; 000029107; 000038571; 000041204;
18-07-18/23:00:00; 000027155; 000042873; 000244720; 000050574; 000022844; 000029107; 000038571; 000041204;
18-07-19/23:00:00; 000027155; 000042873; 000244720; 000050574; 000022844; 000029107; 000038571; 000041204;
18-07-20/23:00:00; 000027155; 000042873; 000244720; 000050574; 000022844; 000029107; 000038571; 000041204;
18-07-21/23:00:00; 000027155; 000042873; 000244720; 000050574; 000022844; 000029107; 000038571; 000041204;
18-07-22/23:00:00; 000027155; 000042873; 000244720; 000050574; 000022844; 000029107; 000038571; 000041204;
18-07-23/23:00:00; 000027155; 000042873; 000244720; 000050574; 000022844; 000029107; 000038571; 000041204;
18-07-24/23:00:00; 000027155; 000042873; 000244720; 000050574; 000022844; 000029107; 000038571; 000041204;
18-07-25/23:00:00; 000027155; 000042873; 000244720; 000050574; 000022844; 000029107; 000038571; 000041204;
18-07-26/23:00:00; 000027155; 000042873; 000244720; 000050574; 000022844; 000029107; 000038571; 000041204;
18-07-27/23:00:00; 000027155; 000042873; 000244720; 000050574; 000022844; 000029107; 000038571; 000041204;
18-07-28/23:00:00; 000027155; 000042873; 000244720; 000050574; 000022844; 000029107; 000038571; 000041204;
18-07-29/23:00:00; 000027155; 000042873; 000244720; 000050574; 000022844; 000029107; 000038571; 000041204;
18-07-30/23:00:00; 000027155; 000042873; 000244720; 000050574; 000022844; 000029107; 000038571; 000041204;
18-07-31/23:00:00; 000027155; 000042873; 000244720; 000050574; 000022844; 000029107; 000038571; 000041204;
18-08-01/23:00:00; 000027155; 000042873; 000244720; 000050574; 000022844; 000029107; 000038571; 000041204;
18-08-02/23:00:00; 000027155; 000042873; 000244721; 000050574; 000022844; 000029107; 000038571; 000041204;
18-08-03/23:00:00; 000027155; 000042873; 000244721; 000050574; 000022844; 000029107; 000038571; 000041204;
18-08-04/23:00:00; 000027155; 000042873; 000244721; 000050574; 000022844; 000029107; 000038571; 000041204;
18-08-05/23:00:00; 000027155; 000042873; 000244721; 000050574; 000022844; 000029107; 000038571; 000041204;
18-08-06/23:00:00; 000027155; 000042873; 000244721; 000050574; 000022844; 000029107; 000038571; 000041204;
18-08-07/23:00:00; 000027155; 000042873; 000244721; 000050574; 000022844; 000029107; 000038571; 000041204;
18-08-08/23:00:00; 000027155; 000042873; 000244721; 000050574; 000022844; 000029107; 000038571; 000041204;
18-08-09/23:00:00; 000027155; 000042873; 000244721; 000050574; 000022844; 000029107; 000038571; 000041204;
18-08-10/23:00:00; 000027155; 000042873; 000244721; 000050574; 000022844; 000029107; 000038571; 000041204;
18-08-11/23:00:00; 000027155; 000042873; 000244721; 000050574; 000022844; 000029107; 000038571; 000041204;
18-08-12/23:00:00; 000027155; 000042873; 000244721; 000050574; 000022844; 000029107; 000038571; 000041204;
18-08-13/23:00:00; 000027155; 000042873; 000244721; 000050574; 000022844; 000029107; 000038571; 000041204;
18-08-14/23:00:00; 000027155; 000042873; 000244721; 000050574; 000022844; 000029107; 000038571; 000041204;
18-08-15/23:00:00; 000027155; 000042873; 000244721; 000050574; 000022844; 000029107; 000038571; 000041204;
18-08-16/23:00:00; 000027155; 000042873; 000244721; 000050574; 000022844; 000029107; 000038571; 000041204;
18-08-17/23:00:00; 000027155; 000042873; 000244721; 000050574; 000022844; 000029107; 000038571; 000041204;
18-08-18/23:00:00; 000027155; 000042873; 000244721; 000050574; 000022844; 000029107; 000038571; 000041204;
18-08-19/23:00:00; 000027155; 000042873; 000244721; 000050574; 000022844; 000029107; 000038571; 000041204;
18-08-20/23:00:00; 000027155; 000042873; 000244721; 000050574; 000022844; 000029107; 000038571; 000041204;
18-08-21/23:00:00; 000027155; 000042873; 000244721; 000050574; 000022844; 000029107; 000038571; 000041204;
18-08-22/23:00:00; 000027155; 000042873; 000244721; 000050574; 000022844; 000029107; 000038571; 000041204;
18-08-23/23:00:00; 000027155; 000042873; 000244721; 000050574; 000022844; 000029107; 000038571; 000041204;
18-08-24/23:00:00; 000027155; 000042873; 000244721; 000050574; 000022844; 000029107; 000038571; 000041204;
18-08-25/23:00:00; 000027155; 000042873; 000244721; 000050574; 000022844; 000029107; 000038571; 000041204;
18-08-26/23:00:00; 000027155; 000042873; 000244721; 000050574; 000022844; 000029107; 000038571; 000041204;
18-08-27/23:00:00; 000027155; 000042873; 000244721; 000050574; 000022844; 000029107; 000038571; 000041204;
18-08-28/23:00:00; 000027155; 000042873; 000244721; 000050574; 000022844; 000029107; 000038571; 000041204;
18-08-29/23:00:00; 000027155; 000042873; 000244721; 000050574; 000022844; 000029107; 000038571; 000041204;
18-08-30/23:00:00; 000027155; 000042873; 000244721; 000050574; 000022844; 000029107; 000038571; 000041204;
18-08-31/23:00:00; 000027155; 000042873; 000244721; 000050574; 000022844; 000029107; 000038571; 000041204;
18-09-01/23:00:00; 000027155; 000042873; 000244721; 000050574; 000022844; 000029107; 000038571; 000041204;
18-09-02/23:00:00; 000027155; 000042873; 000244721; 000050574; 000022844; 000029107; 000038571; 000041204;
18-09-03/23:00:00; 000027155; 000042873; 000244721; 000050574; 000022844; 000029107; 000038571; 000041204;
18-09-04/23:00:00; 000027155; 000042873; 000244721; 000050574; 000022844; 000029107; 000038571; 000041204;
18-09-05/23:00:00; 000027155; 000042873; 000244721; 000050574; 000022844; 000029107; 000038571; 000041204;
18-09-06/23:00:00; 000027155; 000042873; 000244721; 000050574; 000022844; 000029107; 000038571; 000041204;
18-09-07/23:00:00; 000027155; 000042873; 000244721; 000050574; 000022844; 000029107; 000038571; 000041204;
18-09-08/23:00:00; 000027155; 000042873; 000244721; 000050574; 000022844; 000029107; 000038571; 000041204;
18-09-09/23:00:00; 000027155; 000042873; 000244721; 000050574; 000022844; 000029107; 000038571; 000041204;
18-09-10/23:00:00; 000027155; 000042873; 000244721; 000050574; 000022844; 000029107; 000038571; 000041204;
18-09-11/23:00:00; 000027155; 000042873; 000244721; 000050574; 000022844; 000029107; 000038571; 000041204;
18-09-12/23:00:00; 000027155; 000042873; 000244721; 000050574; 000022844; 000029107; 000038571; 000041204;
18-09-13/23:00:00; 000027155; 000042873; 000244721; 000050574; 000022844; 000029107; 000038571; 000041204;
18-09-14/23:00:00; 000027155; 000042873; 000244721; 000050574; 000022845; 000029107; 000038571; 000041204;
18-09-15/23:00:00; 000027155; 000042873; 000244721; 000050574; 000022845; 000029107; 000038571; 000041204;
18-09-16/23:00:00; 000027155; 000042873; 000244721; 000050574; 000022845; 000029107; 000038571; 000041204;
18-09-17/23:00:00; 000027155; 000042874; 000244721; 000050574; 000022845; 000029107; 000038571; 000041204;
18-09-18/23:00:00; 000027155; 000042874; 000244721; 000050574; 000022845; 000029107; 000038571; 000041204;
18-09-19/23:00:00; 000027155; 000042874; 000244721; 000050574; 000022845; 000029107; 000038571; 000041204;
18-09-20/23:00:00; 000027155; 000042874; 000244721; 000050574; 000022845; 000029107; 000038571; 000041204;
18-09-21/23:00:00; 000027155; 000042874; 000244721; 000050574; 000022845; 000029107; 000038571; 000041204;
18-09-22/23:00:00; 000027155; 000042874; 000244721; 000050576; 000022845; 000029107; 000038571; 000041204;
18-09-23/23:00:00; 000027155; 000042874; 000244721; 000050577; 000022845; 000029107; 000038571; 000041204;
18-09-24/23:00:00; 000027156; 000042874; 000244721; 000050584; 000022847; 000029107; 000038571; 000041204;
18-09-25/23:00:00; 000027159; 000042878; 000244724; 000050602; 000022852; 000029107; 000038571; 000041208;
18-09-26/23:00:00; 000027163; 000042882; 000244728; 000050619; 000022857; 000029107; 000038571; 000041213;
18-09-27/23:00:00; 000027165; 000042886; 000244732; 000050630; 000022860; 000029107; 000038572; 000041216;
18-09-28/23:00:00; 000027165; 000042886; 000244732; 000050632; 000022860; 000029107; 000038572; 000041216;
18-09-29/23:00:00; 000027165; 000042886; 000244732; 000050633; 000022860; 000029107; 000038572; 000041216;
18-09-30/23:00:00; 000027165; 000042886; 000244732; 000050635; 000022861; 000029107; 000038572; 000041216;